 0.00000000e+00  0.00000000e+00  0.00000000e+00  1.80000000e+00 
 1.00000000e-13  3.60000000e-04  1.00000000e-13  1.80001371e+00 
 2.00000000e-13  7.20000000e-04  2.00000000e-13  1.80002784e+00 
 4.00000000e-13  1.44000000e-03  4.00000000e-13  1.80005558e+00 
 8.00000000e-13  2.88000000e-03  8.00000000e-13  1.80011614e+00 
 1.60000000e-12  5.76000000e-03  1.60000000e-12  1.80028362e+00 
 3.20000000e-12  1.15200000e-02  3.20000000e-12  1.80073619e+00 
 6.40000000e-12  2.30400000e-02  6.40000000e-12  1.80178028e+00 
 1.28000000e-11  4.60800000e-02  1.28000000e-11  1.80362918e+00 
 2.28000000e-11  8.20800000e-02  2.28000000e-11  1.80551802e+00 
 3.28000000e-11  1.18080000e-01  3.28000000e-11  1.80659916e+00 
 4.28000000e-11  1.54080000e-01  4.28000000e-11  1.80728324e+00 
 5.28000000e-11  1.90080000e-01  5.28000000e-11  1.80776973e+00 
 6.28000000e-11  2.26080000e-01  6.28000000e-11  1.80816275e+00 
 7.28000000e-11  2.62080000e-01  7.28000000e-11  1.80851617e+00 
 8.28000000e-11  2.98080000e-01  8.28000000e-11  1.80886281e+00 
 9.28000000e-11  3.34080000e-01  9.28000000e-11  1.80922555e+00 
 1.02800000e-10  3.70080000e-01  1.02800000e-10  1.80961433e+00 
 1.12800000e-10  4.06080000e-01  1.12800000e-10  1.81004106e+00 
 1.22800000e-10  4.42080000e-01  1.22800000e-10  1.81050977e+00 
 1.32800000e-10  4.78080000e-01  1.32800000e-10  1.81102843e+00 
 1.42800000e-10  5.14080000e-01  1.42800000e-10  1.81159799e+00 
 1.52800000e-10  5.50080000e-01  1.52800000e-10  1.81220977e+00 
 1.62800000e-10  5.86080000e-01  1.62800000e-10  1.81283965e+00 
 1.72800000e-10  6.22080000e-01  1.72800000e-10  1.81343856e+00 
 1.82800000e-10  6.58080000e-01  1.82800000e-10  1.81391556e+00 
 1.92800000e-10  6.94080000e-01  1.92800000e-10  1.81413912e+00 
 2.02800000e-10  7.30080000e-01  2.02800000e-10  1.81394044e+00 
 2.12800000e-10  7.66080000e-01  2.12800000e-10  1.81313837e+00 
 2.22800000e-10  8.02080000e-01  2.22800000e-10  1.81155061e+00 
 2.32800000e-10  8.38080000e-01  2.32800000e-10  1.80900545e+00 
 2.42800000e-10  8.74080000e-01  2.42800000e-10  1.80532747e+00 
 2.52800000e-10  9.10080000e-01  2.52800000e-10  1.80032165e+00 
 2.62800000e-10  9.46080000e-01  2.62800000e-10  1.79375389e+00 
 2.72800000e-10  9.82080000e-01  2.72800000e-10  1.78549268e+00 
 2.82800000e-10  1.01808000e+00  2.82800000e-10  1.77544623e+00 
 2.92800000e-10  1.05408000e+00  2.92800000e-10  1.76312674e+00 
 3.02800000e-10  1.09008000e+00  3.02800000e-10  1.74793953e+00 
 3.12800000e-10  1.12608000e+00  3.12800000e-10  1.72941808e+00 
 3.22800000e-10  1.16208000e+00  3.22800000e-10  1.70733678e+00 
 3.32800000e-10  1.19808000e+00  3.32800000e-10  1.68187421e+00 
 3.42800000e-10  1.23408000e+00  3.42800000e-10  1.65327296e+00 
 3.52800000e-10  1.27008000e+00  3.52800000e-10  1.62164065e+00 
 3.62800000e-10  1.30608000e+00  3.62800000e-10  1.58699082e+00 
 3.72800000e-10  1.34208000e+00  3.72800000e-10  1.54928619e+00 
 3.82800000e-10  1.37808000e+00  3.82800000e-10  1.50845817e+00 
 3.92800000e-10  1.41408000e+00  3.92800000e-10  1.46440712e+00 
 4.02800000e-10  1.45008000e+00  4.02800000e-10  1.41699238e+00 
 4.12800000e-10  1.48608000e+00  4.12800000e-10  1.36600789e+00 
 4.22800000e-10  1.52208000e+00  4.22800000e-10  1.31115430e+00 
 4.32800000e-10  1.55808000e+00  4.32800000e-10  1.25193428e+00 
 4.42800000e-10  1.59408000e+00  4.42800000e-10  1.18747686e+00 
 4.52800000e-10  1.63008000e+00  4.52800000e-10  1.11606522e+00 
 4.62800000e-10  1.66608000e+00  4.62800000e-10  1.03356478e+00 
 4.72800000e-10  1.70208000e+00  4.72800000e-10  9.28198608e-01 
 4.82800000e-10  1.73808000e+00  4.82800000e-10  7.81092821e-01 
 4.92800000e-10  1.77408000e+00  4.92800000e-10  6.02385769e-01 
 5.00000000e-10  1.80000000e+00  5.00000000e-10  4.76195185e-01 
 5.01000000e-10  1.80000000e+00  5.01000000e-10  4.59897241e-01 
 5.03000000e-10  1.80000000e+00  5.03000000e-10  4.28150303e-01 
 5.07000000e-10  1.80000000e+00  5.07000000e-10  3.69783027e-01 
 5.15000000e-10  1.80000000e+00  5.15000000e-10  2.73024988e-01 
 5.25000000e-10  1.80000000e+00  5.25000000e-10  1.85485025e-01 
 5.35000000e-10  1.80000000e+00  5.35000000e-10  1.27293061e-01 
 5.45000000e-10  1.80000000e+00  5.45000000e-10  8.95938820e-02 
 5.55000000e-10  1.80000000e+00  5.55000000e-10  6.52745718e-02 
 5.65000000e-10  1.80000000e+00  5.65000000e-10  4.93885964e-02 
 5.75000000e-10  1.80000000e+00  5.75000000e-10  3.87657053e-02 
 5.85000000e-10  1.80000000e+00  5.85000000e-10  3.14424465e-02 
 5.95000000e-10  1.80000000e+00  5.95000000e-10  2.62371594e-02 
 6.05000000e-10  1.80000000e+00  6.05000000e-10  2.24036406e-02 
 6.15000000e-10  1.80000000e+00  6.15000000e-10  1.94970926e-02 
 6.25000000e-10  1.80000000e+00  6.25000000e-10  1.72246259e-02 
 6.35000000e-10  1.80000000e+00  6.35000000e-10  1.54105621e-02 
 6.45000000e-10  1.80000000e+00  6.45000000e-10  1.39260544e-02 
 6.55000000e-10  1.80000000e+00  6.55000000e-10  1.26956094e-02 
 6.65000000e-10  1.80000000e+00  6.65000000e-10  1.16545837e-02 
 6.75000000e-10  1.80000000e+00  6.75000000e-10  1.07681644e-02 
 6.85000000e-10  1.80000000e+00  6.85000000e-10  9.99952022e-03 
 6.95000000e-10  1.80000000e+00  6.95000000e-10  9.33203045e-03 
 7.05000000e-10  1.80000000e+00  7.05000000e-10  8.74224302e-03 
 7.15000000e-10  1.80000000e+00  7.15000000e-10  8.22243908e-03 
 7.25000000e-10  1.80000000e+00  7.25000000e-10  7.75624831e-03 
 7.35000000e-10  1.80000000e+00  7.35000000e-10  7.34064880e-03 
 7.45000000e-10  1.80000000e+00  7.45000000e-10  6.96333605e-03 
 7.55000000e-10  1.80000000e+00  7.55000000e-10  6.62391680e-03 
 7.65000000e-10  1.80000000e+00  7.65000000e-10  6.31258342e-03 
 7.75000000e-10  1.80000000e+00  7.75000000e-10  6.03048043e-03 
 7.85000000e-10  1.80000000e+00  7.85000000e-10  5.76942145e-03 
 7.95000000e-10  1.80000000e+00  7.95000000e-10  5.53147983e-03 
 8.05000000e-10  1.80000000e+00  8.05000000e-10  5.30957234e-03 
 8.15000000e-10  1.80000000e+00  8.15000000e-10  5.10634542e-03 
 8.25000000e-10  1.80000000e+00  8.25000000e-10  4.91549688e-03 
 8.35000000e-10  1.80000000e+00  8.35000000e-10  4.74003074e-03 
 8.45000000e-10  1.80000000e+00  8.45000000e-10  4.57421706e-03 
 8.55000000e-10  1.80000000e+00  8.55000000e-10  4.42128296e-03 
 8.65000000e-10  1.80000000e+00  8.65000000e-10  4.27593047e-03 
 8.75000000e-10  1.80000000e+00  8.75000000e-10  4.14152379e-03 
 8.85000000e-10  1.80000000e+00  8.85000000e-10  4.01309970e-03 
 8.95000000e-10  1.80000000e+00  8.95000000e-10  3.89410344e-03 
 9.05000000e-10  1.80000000e+00  9.05000000e-10  3.77983735e-03 
 9.15000000e-10  1.80000000e+00  9.15000000e-10  3.67379051e-03 
 9.25000000e-10  1.80000000e+00  9.25000000e-10  3.57148041e-03 
 9.35000000e-10  1.80000000e+00  9.35000000e-10  3.47641502e-03 
 9.45000000e-10  1.80000000e+00  9.45000000e-10  3.38428949e-03 
 9.55000000e-10  1.80000000e+00  9.55000000e-10  3.29861372e-03 
 9.65000000e-10  1.80000000e+00  9.65000000e-10  3.21523223e-03 
 9.75000000e-10  1.80000000e+00  9.75000000e-10  3.13764518e-03 
 9.85000000e-10  1.80000000e+00  9.85000000e-10  3.06182470e-03 
 9.95000000e-10  1.80000000e+00  9.95000000e-10  2.99125316e-03 
 1.00500000e-09  1.80000000e+00  1.00500000e-09  2.92201342e-03 
 1.01500000e-09  1.80000000e+00  1.01500000e-09  2.85756447e-03 
 1.02500000e-09  1.80000000e+00  1.02500000e-09  2.79408658e-03 
 1.03500000e-09  1.80000000e+00  1.03500000e-09  2.73501140e-03 
 1.04500000e-09  1.80000000e+00  1.04500000e-09  2.67660612e-03 
 1.05500000e-09  1.80000000e+00  1.05500000e-09  2.62227225e-03 
 1.06500000e-09  1.80000000e+00  1.06500000e-09  2.56835545e-03 
 1.07500000e-09  1.80000000e+00  1.07500000e-09  2.51822512e-03 
 1.08500000e-09  1.80000000e+00  1.08500000e-09  2.46829859e-03 
 1.09500000e-09  1.80000000e+00  1.09500000e-09  2.42191173e-03 
 1.10500000e-09  1.80000000e+00  1.10500000e-09  2.37554804e-03 
 1.11500000e-09  1.80000000e+00  1.11500000e-09  2.33250880e-03 
 1.12500000e-09  1.80000000e+00  1.12500000e-09  2.28933919e-03 
 1.13500000e-09  1.80000000e+00  1.13500000e-09  2.24930518e-03 
 1.14500000e-09  1.80000000e+00  1.14500000e-09  2.20900992e-03 
 1.15500000e-09  1.80000000e+00  1.15500000e-09  2.17168349e-03 
 1.16500000e-09  1.80000000e+00  1.16500000e-09  2.13398400e-03 
 1.17500000e-09  1.80000000e+00  1.17500000e-09  2.09910521e-03 
 1.18500000e-09  1.80000000e+00  1.18500000e-09  2.06375770e-03 
 1.19500000e-09  1.80000000e+00  1.19500000e-09  2.03109857e-03 
 1.20500000e-09  1.80000000e+00  1.20500000e-09  1.99788878e-03 
 1.21500000e-09  1.80000000e+00  1.21500000e-09  1.96724854e-03 
 1.22500000e-09  1.80000000e+00  1.22500000e-09  1.93598742e-03 
 1.23500000e-09  1.80000000e+00  1.23500000e-09  1.90718855e-03 
 1.24500000e-09  1.80000000e+00  1.24500000e-09  1.87770869e-03 
 1.25500000e-09  1.80000000e+00  1.25500000e-09  1.85059373e-03 
 1.26500000e-09  1.80000000e+00  1.26500000e-09  1.82274634e-03 
 1.27500000e-09  1.80000000e+00  1.27500000e-09  1.79717509e-03 
 1.28500000e-09  1.80000000e+00  1.28500000e-09  1.77082750e-03 
 1.29500000e-09  1.80000000e+00  1.29500000e-09  1.74667474e-03 
 1.30500000e-09  1.80000000e+00  1.30500000e-09  1.72170830e-03 
 1.31500000e-09  1.80000000e+00  1.31500000e-09  1.69886186e-03 
 1.32500000e-09  1.80000000e+00  1.32500000e-09  1.67517011e-03 
 1.33500000e-09  1.80000000e+00  1.33500000e-09  1.65352923e-03 
 1.34500000e-09  1.80000000e+00  1.34500000e-09  1.63101638e-03 
 1.35500000e-09  1.80000000e+00  1.35500000e-09  1.61049029e-03 
 1.36500000e-09  1.80000000e+00  1.36500000e-09  1.58906995e-03 
 1.37500000e-09  1.80000000e+00  1.37500000e-09  1.56957665e-03 
 1.38500000e-09  1.80000000e+00  1.38500000e-09  1.54917069e-03 
 1.39500000e-09  1.80000000e+00  1.39500000e-09  1.53063593e-03 
 1.40500000e-09  1.80000000e+00  1.40500000e-09  1.51117351e-03 
 1.41500000e-09  1.80000000e+00  1.41500000e-09  1.49352993e-03 
 1.42500000e-09  1.80000000e+00  1.42500000e-09  1.47494667e-03 
 1.43500000e-09  1.80000000e+00  1.43500000e-09  1.45813300e-03 
 1.44500000e-09  1.80000000e+00  1.44500000e-09  1.44037028e-03 
 1.45500000e-09  1.80000000e+00  1.45500000e-09  1.42433065e-03 
 1.46500000e-09  1.80000000e+00  1.46500000e-09  1.40733496e-03 
 1.47500000e-09  1.80000000e+00  1.47500000e-09  1.39201836e-03 
 1.48500000e-09  1.80000000e+00  1.48500000e-09  1.37574077e-03 
 1.49500000e-09  1.80000000e+00  1.49500000e-09  1.36110050e-03 
 1.50500000e-09  1.80000000e+00  1.50500000e-09  1.34549617e-03 
 1.51500000e-09  1.80000000e+00  1.51500000e-09  1.33148943e-03 
 1.52500000e-09  1.80000000e+00  1.52500000e-09  1.31651720e-03 
 1.53500000e-09  1.80000000e+00  1.53500000e-09  1.30310467e-03 
 1.54500000e-09  1.80000000e+00  1.54500000e-09  1.28872669e-03 
 1.55500000e-09  1.80000000e+00  1.55500000e-09  1.27587218e-03 
 1.56500000e-09  1.80000000e+00  1.56500000e-09  1.26205358e-03 
 1.57500000e-09  1.80000000e+00  1.57500000e-09  1.24972376e-03 
 1.58500000e-09  1.80000000e+00  1.58500000e-09  1.23643235e-03 
 1.59500000e-09  1.80000000e+00  1.59500000e-09  1.22459645e-03 
 1.60500000e-09  1.80000000e+00  1.60500000e-09  1.21180248e-03 
 1.61500000e-09  1.80000000e+00  1.61500000e-09  1.20043206e-03 
 1.62500000e-09  1.80000000e+00  1.62500000e-09  1.18810800e-03 
 1.63500000e-09  1.80000000e+00  1.63500000e-09  1.17717671e-03 
 1.64500000e-09  1.80000000e+00  1.64500000e-09  1.16529704e-03 
 1.65500000e-09  1.80000000e+00  1.65500000e-09  1.15478047e-03 
 1.66500000e-09  1.80000000e+00  1.66500000e-09  1.14332149e-03 
 1.67500000e-09  1.80000000e+00  1.67500000e-09  1.13319698e-03 
 1.68500000e-09  1.80000000e+00  1.68500000e-09  1.12213666e-03 
 1.69500000e-09  1.80000000e+00  1.69500000e-09  1.11238313e-03 
 1.70500000e-09  1.80000000e+00  1.70500000e-09  1.10170097e-03 
 1.71500000e-09  1.80000000e+00  1.71500000e-09  1.09229881e-03 
 1.72500000e-09  1.80000000e+00  1.72500000e-09  1.08197570e-03 
 1.73500000e-09  1.80000000e+00  1.73500000e-09  1.07290664e-03 
 1.74500000e-09  1.80000000e+00  1.74500000e-09  1.06292473e-03 
 1.75500000e-09  1.80000000e+00  1.75500000e-09  1.05417174e-03 
 1.76500000e-09  1.80000000e+00  1.76500000e-09  1.04451437e-03 
 1.77500000e-09  1.80000000e+00  1.77500000e-09  1.03606151e-03 
 1.78500000e-09  1.80000000e+00  1.78500000e-09  1.02671309e-03 
 1.79500000e-09  1.80000000e+00  1.79500000e-09  1.01854549e-03 
 1.80500000e-09  1.80000000e+00  1.80500000e-09  1.00949141e-03 
 1.81500000e-09  1.80000000e+00  1.81500000e-09  1.00159513e-03 
 1.82500000e-09  1.80000000e+00  1.82500000e-09  9.92821708e-04 
 1.83500000e-09  1.80000000e+00  1.83500000e-09  9.85183700e-04 
 1.84500000e-09  1.80000000e+00  1.84500000e-09  9.76678092e-04 
 1.85500000e-09  1.80000000e+00  1.85500000e-09  9.69286110e-04 
 1.86500000e-09  1.80000000e+00  1.86500000e-09  9.61036247e-04 
 1.87500000e-09  1.80000000e+00  1.87500000e-09  9.53878800e-04 
 1.88500000e-09  1.80000000e+00  1.88500000e-09  9.45873333e-04 
 1.89500000e-09  1.80000000e+00  1.89500000e-09  9.38939623e-04 
 1.90500000e-09  1.80000000e+00  1.90500000e-09  9.31167870e-04 
 1.91500000e-09  1.80000000e+00  1.91500000e-09  9.24447741e-04 
 1.92500000e-09  1.80000000e+00  1.92500000e-09  9.16899638e-04 
 1.93500000e-09  1.80000000e+00  1.93500000e-09  9.10383530e-04 
 1.94500000e-09  1.80000000e+00  1.94500000e-09  9.03049586e-04 
 1.95500000e-09  1.80000000e+00  1.95500000e-09  8.96728494e-04 
 1.96500000e-09  1.80000000e+00  1.96500000e-09  8.89599751e-04 
 1.97500000e-09  1.80000000e+00  1.97500000e-09  8.83465183e-04 
 1.98500000e-09  1.80000000e+00  1.98500000e-09  8.76533179e-04 
 1.99500000e-09  1.80000000e+00  1.99500000e-09  8.70577123e-04 
 2.00500000e-09  1.80000000e+00  2.00500000e-09  8.63833858e-04 
 2.01500000e-09  1.80000000e+00  2.01500000e-09  8.58048748e-04 
 2.02500000e-09  1.80000000e+00  2.02500000e-09  8.51486652e-04 
 2.03500000e-09  1.80000000e+00  2.03500000e-09  8.45865335e-04 
 2.04500000e-09  1.80000000e+00  2.04500000e-09  8.39477241e-04 
 2.05500000e-09  1.80000000e+00  2.05500000e-09  8.34012955e-04 
 2.06500000e-09  1.80000000e+00  2.06500000e-09  8.27792070e-04 
 2.07500000e-09  1.80000000e+00  2.07500000e-09  8.22478413e-04 
 2.08500000e-09  1.80000000e+00  2.08500000e-09  8.16418295e-04 
 2.09500000e-09  1.80000000e+00  2.09500000e-09  8.11249204e-04 
 2.10500000e-09  1.80000000e+00  2.10500000e-09  8.05343740e-04 
 2.11500000e-09  1.80000000e+00  2.11500000e-09  8.00313470e-04 
 2.12500000e-09  1.80000000e+00  2.12500000e-09  7.94556854e-04 
 2.13500000e-09  1.80000000e+00  2.13500000e-09  7.89659954e-04 
 2.14500000e-09  1.80000000e+00  2.14500000e-09  7.84046667e-04 
 2.15500000e-09  1.80000000e+00  2.15500000e-09  7.79277967e-04 
 2.16500000e-09  1.80000000e+00  2.16500000e-09  7.73802763e-04 
 2.17500000e-09  1.80000000e+00  2.17500000e-09  7.69157351e-04 
 2.18500000e-09  1.80000000e+00  2.18500000e-09  7.63815236e-04 
 2.19500000e-09  1.80000000e+00  2.19500000e-09  7.59288446e-04 
 2.20500000e-09  1.80000000e+00  2.20500000e-09  7.54074666e-04 
 2.21500000e-09  1.80000000e+00  2.21500000e-09  7.49662061e-04 
 2.22500000e-09  1.80000000e+00  2.22500000e-09  7.44572085e-04 
 2.23500000e-09  1.80000000e+00  2.23500000e-09  7.40269444e-04 
 2.24500000e-09  1.80000000e+00  2.24500000e-09  7.35298953e-04 
 2.25500000e-09  1.80000000e+00  2.25500000e-09  7.31102260e-04 
 2.26500000e-09  1.80000000e+00  2.26500000e-09  7.26247134e-04 
 2.27500000e-09  1.80000000e+00  2.27500000e-09  7.22152561e-04 
 2.28500000e-09  1.80000000e+00  2.28500000e-09  7.17408868e-04 
 2.29500000e-09  1.80000000e+00  2.29500000e-09  7.13412770e-04 
 2.30500000e-09  1.80000000e+00  2.30500000e-09  7.08776754e-04 
 2.31500000e-09  1.80000000e+00  2.31500000e-09  7.04875654e-04 
 2.32500000e-09  1.80000000e+00  2.32500000e-09  7.00343727e-04 
 2.33500000e-09  1.80000000e+00  2.33500000e-09  6.96534308e-04 
 2.34500000e-09  1.80000000e+00  2.34500000e-09  6.92103040e-04 
 2.35500000e-09  1.80000000e+00  2.35500000e-09  6.88382138e-04 
 2.36500000e-09  1.80000000e+00  2.36500000e-09  6.84048246e-04 
 2.37500000e-09  1.80000000e+00  2.37500000e-09  6.80412837e-04 
 2.38500000e-09  1.80000000e+00  2.38500000e-09  6.76173182e-04 
 2.39500000e-09  1.80000000e+00  2.39500000e-09  6.72620380e-04 
 2.40500000e-09  1.80000000e+00  2.40500000e-09  6.68471953e-04 
 2.41500000e-09  1.80000000e+00  2.41500000e-09  6.64998997e-04 
 2.42500000e-09  1.80000000e+00  2.42500000e-09  6.60938920e-04 
 2.43500000e-09  1.80000000e+00  2.43500000e-09  6.57543170e-04 
 2.44500000e-09  1.80000000e+00  2.44500000e-09  6.53568682e-04 
 2.45500000e-09  1.80000000e+00  2.45500000e-09  6.50247613e-04 
 2.46500000e-09  1.80000000e+00  2.46500000e-09  6.46356065e-04 
 2.47500000e-09  1.80000000e+00  2.47500000e-09  6.43107261e-04 
 2.48500000e-09  1.80000000e+00  2.48500000e-09  6.39296115e-04 
 2.49500000e-09  1.80000000e+00  2.49500000e-09  6.36117260e-04 
 2.50500000e-09  1.80000000e+00  2.50500000e-09  6.32384079e-04 
 2.51500000e-09  1.80000000e+00  2.51500000e-09  6.29272956e-04 
 2.52500000e-09  1.80000000e+00  2.52500000e-09  6.25615400e-04 
 2.53500000e-09  1.80000000e+00  2.53500000e-09  6.22569883e-04 
 2.54500000e-09  1.80000000e+00  2.54500000e-09  6.18985706e-04 
 2.55500000e-09  1.80000000e+00  2.55500000e-09  6.16003757e-04 
 2.56500000e-09  1.80000000e+00  2.56500000e-09  6.12490798e-04 
 2.57500000e-09  1.80000000e+00  2.57500000e-09  6.09570463e-04 
 2.58500000e-09  1.80000000e+00  2.58500000e-09  6.06126647e-04 
 2.59500000e-09  1.80000000e+00  2.59500000e-09  6.03266050e-04 
 2.60500000e-09  1.80000000e+00  2.60500000e-09  5.99889380e-04 
 2.61500000e-09  1.80000000e+00  2.61500000e-09  5.97086719e-04 
 2.62500000e-09  1.80000000e+00  2.62500000e-09  5.93775275e-04 
 2.63500000e-09  1.80000000e+00  2.63500000e-09  5.91028822e-04 
 2.64500000e-09  1.80000000e+00  2.64500000e-09  5.87780755e-04 
 2.65500000e-09  1.80000000e+00  2.65500000e-09  5.85088848e-04 
 2.66500000e-09  1.80000000e+00  2.66500000e-09  5.81902378e-04 
 2.67500000e-09  1.80000000e+00  2.67500000e-09  5.79263420e-04 
 2.68500000e-09  1.80000000e+00  2.68500000e-09  5.76136834e-04 
 2.69500000e-09  1.80000000e+00  2.69500000e-09  5.73549289e-04 
 2.70500000e-09  1.80000000e+00  2.70500000e-09  5.70480934e-04 
 2.71500000e-09  1.80000000e+00  2.71500000e-09  5.67943326e-04 
 2.72500000e-09  1.80000000e+00  2.72500000e-09  5.64931612e-04 
 2.73500000e-09  1.80000000e+00  2.73500000e-09  5.62442520e-04 
 2.74500000e-09  1.80000000e+00  2.74500000e-09  5.59485911e-04 
 2.75500000e-09  1.80000000e+00  2.75500000e-09  5.57043967e-04 
 2.76500000e-09  1.80000000e+00  2.76500000e-09  5.54140984e-04 
 2.77500000e-09  1.80000000e+00  2.77500000e-09  5.51744872e-04 
 2.78500000e-09  1.80000000e+00  2.78500000e-09  5.48894086e-04 
 2.79500000e-09  1.80000000e+00  2.79500000e-09  5.46542537e-04 
 2.80500000e-09  1.80000000e+00  2.80500000e-09  5.43742571e-04 
 2.81500000e-09  1.80000000e+00  2.81500000e-09  5.41434363e-04 
 2.82500000e-09  1.80000000e+00  2.82500000e-09  5.38683886e-04 
 2.83500000e-09  1.80000000e+00  2.83500000e-09  5.36417841e-04 
 2.84500000e-09  1.80000000e+00  2.84500000e-09  5.33715569e-04 
 2.85500000e-09  1.80000000e+00  2.85500000e-09  5.31490552e-04 
 2.86500000e-09  1.80000000e+00  2.86500000e-09  5.28835243e-04 
 2.87500000e-09  1.80000000e+00  2.87500000e-09  5.26650159e-04 
 2.88500000e-09  1.80000000e+00  2.88500000e-09  5.24040614e-04 
 2.89500000e-09  1.80000000e+00  2.89500000e-09  5.21894407e-04 
 2.90500000e-09  1.80000000e+00  2.90500000e-09  5.19329467e-04 
 2.91500000e-09  1.80000000e+00  2.91500000e-09  5.17221117e-04 
 2.92500000e-09  1.80000000e+00  2.92500000e-09  5.14699661e-04 
 2.93500000e-09  1.80000000e+00  2.93500000e-09  5.12628184e-04 
 2.94500000e-09  1.80000000e+00  2.94500000e-09  5.10149128e-04 
 2.95500000e-09  1.80000000e+00  2.95500000e-09  5.08113574e-04 
 2.96500000e-09  1.80000000e+00  2.96500000e-09  5.05675871e-04 
 2.97500000e-09  1.80000000e+00  2.97500000e-09  5.03675321e-04 
 2.98500000e-09  1.80000000e+00  2.98500000e-09  5.01277956e-04 
 2.99500000e-09  1.80000000e+00  2.99500000e-09  4.99311524e-04 
 3.00500000e-09  1.80000000e+00  3.00500000e-09  4.96953514e-04 
 3.01500000e-09  1.80000000e+00  3.01500000e-09  4.95020344e-04 
 3.02500000e-09  1.80000000e+00  3.02500000e-09  4.92700739e-04 
 3.03500000e-09  1.80000000e+00  3.03500000e-09  4.90800001e-04 
 3.04500000e-09  1.80000000e+00  3.04500000e-09  4.88517880e-04 
 3.05500000e-09  1.80000000e+00  3.05500000e-09  4.86648774e-04 
 3.06500000e-09  1.80000000e+00  3.06500000e-09  4.84403245e-04 
 3.07500000e-09  1.80000000e+00  3.07500000e-09  4.82564996e-04 
 3.08500000e-09  1.80000000e+00  3.08500000e-09  4.80355195e-04 
 3.09500000e-09  1.80000000e+00  3.09500000e-09  4.78547052e-04 
 3.10500000e-09  1.80000000e+00  3.10500000e-09  4.76372143e-04 
 3.11500000e-09  1.80000000e+00  3.11500000e-09  4.74593382e-04 
 3.12500000e-09  1.80000000e+00  3.12500000e-09  4.72452552e-04 
 3.13500000e-09  1.80000000e+00  3.13500000e-09  4.70702469e-04 
 3.14500000e-09  1.80000000e+00  3.14500000e-09  4.68594931e-04 
 3.15500000e-09  1.80000000e+00  3.15500000e-09  4.66872847e-04 
 3.16500000e-09  1.80000000e+00  3.16500000e-09  4.64797839e-04 
 3.17500000e-09  1.80000000e+00  3.17500000e-09  4.63103095e-04 
 3.18500000e-09  1.80000000e+00  3.18500000e-09  4.61059875e-04 
 3.19500000e-09  1.80000000e+00  3.19500000e-09  4.59391833e-04 
 3.20500000e-09  1.80000000e+00  3.20500000e-09  4.57379683e-04 
 3.21500000e-09  1.80000000e+00  3.21500000e-09  4.55737724e-04 
 3.22500000e-09  1.80000000e+00  3.22500000e-09  4.53755948e-04 
 3.23500000e-09  1.80000000e+00  3.23500000e-09  4.52139474e-04 
 3.24500000e-09  1.80000000e+00  3.24500000e-09  4.50187394e-04 
 3.25500000e-09  1.80000000e+00  3.25500000e-09  4.48595823e-04 
 3.26500000e-09  1.80000000e+00  3.26500000e-09  4.46672783e-04 
 3.27500000e-09  1.80000000e+00  3.27500000e-09  4.45105551e-04 
 3.28500000e-09  1.80000000e+00  3.28500000e-09  4.43210913e-04 
 3.29500000e-09  1.80000000e+00  3.29500000e-09  4.41667474e-04 
 3.30500000e-09  1.80000000e+00  3.30500000e-09  4.39800617e-04 
 3.31500000e-09  1.80000000e+00  3.31500000e-09  4.38280442e-04 
 3.32500000e-09  1.80000000e+00  3.32500000e-09  4.36440765e-04 
 3.33500000e-09  1.80000000e+00  3.33500000e-09  4.34943339e-04 
 3.34500000e-09  1.80000000e+00  3.34500000e-09  4.33130257e-04 
 3.35500000e-09  1.80000000e+00  3.35500000e-09  4.31655079e-04 
 3.36500000e-09  1.80000000e+00  3.36500000e-09  4.29868023e-04 
 3.37500000e-09  1.80000000e+00  3.37500000e-09  4.28414610e-04 
 3.38500000e-09  1.80000000e+00  3.38500000e-09  4.26653028e-04 
 3.39500000e-09  1.80000000e+00  3.39500000e-09  4.25220909e-04 
 3.40500000e-09  1.80000000e+00  3.40500000e-09  4.23484263e-04 
 3.41500000e-09  1.80000000e+00  3.41500000e-09  4.22072981e-04 
 3.42500000e-09  1.80000000e+00  3.42500000e-09  4.20360749e-04 
 3.43500000e-09  1.80000000e+00  3.43500000e-09  4.18969859e-04 
 3.44500000e-09  1.80000000e+00  3.44500000e-09  4.17281532e-04 
 3.45500000e-09  1.80000000e+00  3.45500000e-09  4.15910603e-04 
 3.46500000e-09  1.80000000e+00  3.46500000e-09  4.14245688e-04 
 3.47500000e-09  1.80000000e+00  3.47500000e-09  4.12894300e-04 
 3.48500000e-09  1.80000000e+00  3.48500000e-09  4.11252315e-04 
 3.49500000e-09  1.80000000e+00  3.49500000e-09  4.09920061e-04 
 3.50500000e-09  1.80000000e+00  3.50500000e-09  4.08300539e-04 
 3.51500000e-09  1.80000000e+00  3.51500000e-09  4.06987022e-04 
 3.52500000e-09  1.80000000e+00  3.52500000e-09  4.05389506e-04 
 3.53500000e-09  1.80000000e+00  3.53500000e-09  4.04094341e-04 
 3.54500000e-09  1.80000000e+00  3.54500000e-09  4.02518388e-04 
 3.55500000e-09  1.80000000e+00  3.55500000e-09  4.01241201e-04 
 3.56500000e-09  1.80000000e+00  3.56500000e-09  3.99686379e-04 
 3.57500000e-09  1.80000000e+00  3.57500000e-09  3.98426804e-04 
 3.58500000e-09  1.80000000e+00  3.58500000e-09  3.96892692e-04 
 3.59500000e-09  1.80000000e+00  3.59500000e-09  3.95650375e-04 
 3.60500000e-09  1.80000000e+00  3.60500000e-09  3.94136565e-04 
 3.61500000e-09  1.80000000e+00  3.61500000e-09  3.92911159e-04 
 3.62500000e-09  1.80000000e+00  3.62500000e-09  3.91417251e-04 
 3.63500000e-09  1.80000000e+00  3.63500000e-09  3.90208422e-04 
 3.64500000e-09  1.80000000e+00  3.64500000e-09  3.88734027e-04 
 3.65500000e-09  1.80000000e+00  3.65500000e-09  3.87541447e-04 
 3.66500000e-09  1.80000000e+00  3.66500000e-09  3.86086186e-04 
 3.67500000e-09  1.80000000e+00  3.67500000e-09  3.84909536e-04 
 3.68500000e-09  1.80000000e+00  3.68500000e-09  3.83473040e-04 
 3.69500000e-09  1.80000000e+00  3.69500000e-09  3.82312010e-04 
 3.70500000e-09  1.80000000e+00  3.70500000e-09  3.80893920e-04 
 3.71500000e-09  1.80000000e+00  3.71500000e-09  3.79748207e-04 
 3.72500000e-09  1.80000000e+00  3.72500000e-09  3.78348171e-04 
 3.73500000e-09  1.80000000e+00  3.73500000e-09  3.77217481e-04 
 3.74500000e-09  1.80000000e+00  3.74500000e-09  3.75835158e-04 
 3.75500000e-09  1.80000000e+00  3.75500000e-09  3.74719204e-04 
 3.76500000e-09  1.80000000e+00  3.76500000e-09  3.73354259e-04 
 3.77500000e-09  1.80000000e+00  3.77500000e-09  3.72252762e-04 
 3.78500000e-09  1.80000000e+00  3.78500000e-09  3.70904870e-04 
 3.79500000e-09  1.80000000e+00  3.79500000e-09  3.69817556e-04 
 3.80500000e-09  1.80000000e+00  3.80500000e-09  3.68486400e-04 
 3.81500000e-09  1.80000000e+00  3.81500000e-09  3.67413005e-04 
 3.82500000e-09  1.80000000e+00  3.82500000e-09  3.66098274e-04 
 3.83500000e-09  1.80000000e+00  3.83500000e-09  3.65038538e-04 
 3.84500000e-09  1.80000000e+00  3.84500000e-09  3.63739931e-04 
 3.85500000e-09  1.80000000e+00  3.85500000e-09  3.62693601e-04 
 3.86500000e-09  1.80000000e+00  3.86500000e-09  3.61410823e-04 
 3.87500000e-09  1.80000000e+00  3.87500000e-09  3.60377652e-04 
 3.88500000e-09  1.80000000e+00  3.88500000e-09  3.59110415e-04 
 3.89500000e-09  1.80000000e+00  3.89500000e-09  3.58090164e-04 
 3.90500000e-09  1.80000000e+00  3.90500000e-09  3.56838186e-04 
 3.91500000e-09  1.80000000e+00  3.91500000e-09  3.55830619e-04 
 3.92500000e-09  1.80000000e+00  3.92500000e-09  3.54593628e-04 
 3.93500000e-09  1.80000000e+00  3.93500000e-09  3.53598516e-04 
 3.94500000e-09  1.80000000e+00  3.94500000e-09  3.52376242e-04 
 3.95500000e-09  1.80000000e+00  3.95500000e-09  3.51393362e-04 
 3.96500000e-09  1.80000000e+00  3.96500000e-09  3.50185544e-04 
 3.97500000e-09  1.80000000e+00  3.97500000e-09  3.49214678e-04 
 3.98500000e-09  1.80000000e+00  3.98500000e-09  3.48021061e-04 
 3.99500000e-09  1.80000000e+00  3.99500000e-09  3.47061996e-04 
 4.00500000e-09  1.80000000e+00  4.00500000e-09  3.45882329e-04 
 4.01500000e-09  1.80000000e+00  4.01500000e-09  3.44934857e-04 
 4.02500000e-09  1.80000000e+00  4.02500000e-09  3.43768897e-04 
 4.03500000e-09  1.80000000e+00  4.03500000e-09  3.42832815e-04 
 4.04500000e-09  1.80000000e+00  4.04500000e-09  3.41680323e-04 
 4.05500000e-09  1.80000000e+00  4.05500000e-09  3.40755432e-04 
 4.06500000e-09  1.80000000e+00  4.06500000e-09  3.39616177e-04 
 4.07500000e-09  1.80000000e+00  4.07500000e-09  3.38702283e-04 
 4.08500000e-09  1.80000000e+00  4.08500000e-09  3.37576036e-04 
 4.09500000e-09  1.80000000e+00  4.09500000e-09  3.36672951e-04 
 4.10500000e-09  1.80000000e+00  4.10500000e-09  3.35559490e-04 
 4.11500000e-09  1.80000000e+00  4.11500000e-09  3.34667028e-04 
 4.12500000e-09  1.80000000e+00  4.12500000e-09  3.33566135e-04 
 4.13500000e-09  1.80000000e+00  4.13500000e-09  3.32684115e-04 
 4.14500000e-09  1.80000000e+00  4.14500000e-09  3.31595578e-04 
 4.15500000e-09  1.80000000e+00  4.15500000e-09  3.30723824e-04 
 4.16500000e-09  1.80000000e+00  4.16500000e-09  3.29647435e-04 
 4.17500000e-09  1.80000000e+00  4.17500000e-09  3.28785774e-04 
 4.18500000e-09  1.80000000e+00  4.18500000e-09  3.27721329e-04 
 4.19500000e-09  1.80000000e+00  4.19500000e-09  3.26869593e-04 
 4.20500000e-09  1.80000000e+00  4.20500000e-09  3.25816893e-04 
 4.21500000e-09  1.80000000e+00  4.21500000e-09  3.24974916e-04 
 4.22500000e-09  1.80000000e+00  4.22500000e-09  3.23933767e-04 
 4.23500000e-09  1.80000000e+00  4.23500000e-09  3.23101388e-04 
 4.24500000e-09  1.80000000e+00  4.24500000e-09  3.22071600e-04 
 4.25500000e-09  1.80000000e+00  4.25500000e-09  3.21248661e-04 
 4.26500000e-09  1.80000000e+00  4.26500000e-09  3.20230048e-04 
 4.27500000e-09  1.80000000e+00  4.27500000e-09  3.19416393e-04 
 4.28500000e-09  1.80000000e+00  4.28500000e-09  3.18408773e-04 
 4.29500000e-09  1.80000000e+00  4.29500000e-09  3.17604252e-04 
 4.30500000e-09  1.80000000e+00  4.30500000e-09  3.16607446e-04 
 4.31500000e-09  1.80000000e+00  4.31500000e-09  3.15811912e-04 
 4.32500000e-09  1.80000000e+00  4.32500000e-09  3.14825746e-04 
 4.33500000e-09  1.80000000e+00  4.33500000e-09  3.14039052e-04 
 4.34500000e-09  1.80000000e+00  4.34500000e-09  3.13063356e-04 
 4.35500000e-09  1.80000000e+00  4.35500000e-09  3.12285362e-04 
 4.36500000e-09  1.80000000e+00  4.36500000e-09  3.11319967e-04 
 4.37500000e-09  1.80000000e+00  4.37500000e-09  3.10550535e-04 
 4.38500000e-09  1.80000000e+00  4.38500000e-09  3.09595279e-04 
 4.39500000e-09  1.80000000e+00  4.39500000e-09  3.08834272e-04 
 4.40500000e-09  1.80000000e+00  4.40500000e-09  3.07888994e-04 
 4.41500000e-09  1.80000000e+00  4.41500000e-09  3.07136280e-04 
 4.42500000e-09  1.80000000e+00  4.42500000e-09  3.06200823e-04 
 4.43500000e-09  1.80000000e+00  4.43500000e-09  3.05456272e-04 
 4.44500000e-09  1.80000000e+00  4.44500000e-09  3.04530483e-04 
 4.45500000e-09  1.80000000e+00  4.45500000e-09  3.03793967e-04 
 4.46500000e-09  1.80000000e+00  4.46500000e-09  3.02877695e-04 
 4.47500000e-09  1.80000000e+00  4.47500000e-09  3.02149089e-04 
 4.48500000e-09  1.80000000e+00  4.48500000e-09  3.01242187e-04 
 4.49500000e-09  1.80000000e+00  4.49500000e-09  3.00521370e-04 
 4.50500000e-09  1.80000000e+00  4.50500000e-09  2.99623693e-04 
 4.51500000e-09  1.80000000e+00  4.51500000e-09  2.98910544e-04 
 4.52500000e-09  1.80000000e+00  4.52500000e-09  2.98021951e-04 
 4.53500000e-09  1.80000000e+00  4.53500000e-09  2.97316354e-04 
 4.54500000e-09  1.80000000e+00  4.54500000e-09  2.96436706e-04 
 4.55500000e-09  1.80000000e+00  4.55500000e-09  2.95738546e-04 
 4.56500000e-09  1.80000000e+00  4.56500000e-09  2.94867707e-04 
 4.57500000e-09  1.80000000e+00  4.57500000e-09  2.94176871e-04 
 4.58500000e-09  1.80000000e+00  4.58500000e-09  2.93314709e-04 
 4.59500000e-09  1.80000000e+00  4.59500000e-09  2.92631087e-04 
 4.60500000e-09  1.80000000e+00  4.60500000e-09  2.91777470e-04 
 4.61500000e-09  1.80000000e+00  4.61500000e-09  2.91100954e-04 
 4.62500000e-09  1.80000000e+00  4.62500000e-09  2.90255755e-04 
 4.63500000e-09  1.80000000e+00  4.63500000e-09  2.89586238e-04 
 4.64500000e-09  1.80000000e+00  4.64500000e-09  2.88749333e-04 
 4.65500000e-09  1.80000000e+00  4.65500000e-09  2.88086711e-04 
 4.66500000e-09  1.80000000e+00  4.66500000e-09  2.87257976e-04 
 4.67500000e-09  1.80000000e+00  4.67500000e-09  2.86602148e-04 
 4.68500000e-09  1.80000000e+00  4.68500000e-09  2.85781462e-04 
 4.69500000e-09  1.80000000e+00  4.69500000e-09  2.85132328e-04 
 4.70500000e-09  1.80000000e+00  4.70500000e-09  2.84319573e-04 
 4.71500000e-09  1.80000000e+00  4.71500000e-09  2.83677036e-04 
 4.72500000e-09  1.80000000e+00  4.72500000e-09  2.82872096e-04 
 4.73500000e-09  1.80000000e+00  4.73500000e-09  2.82236059e-04 
 4.74500000e-09  1.80000000e+00  4.74500000e-09  2.81438820e-04 
 4.75500000e-09  1.80000000e+00  4.75500000e-09  2.80809190e-04 
 4.76500000e-09  1.80000000e+00  4.76500000e-09  2.80019541e-04 
 4.77500000e-09  1.80000000e+00  4.77500000e-09  2.79396224e-04 
 4.78500000e-09  1.80000000e+00  4.78500000e-09  2.78614057e-04 
 4.79500000e-09  1.80000000e+00  4.79500000e-09  2.77996962e-04 
 4.80500000e-09  1.80000000e+00  4.80500000e-09  2.77222169e-04 
 4.81500000e-09  1.80000000e+00  4.81500000e-09  2.76611208e-04 
 4.82500000e-09  1.80000000e+00  4.82500000e-09  2.75843683e-04 
 4.83500000e-09  1.80000000e+00  4.83500000e-09  2.75238770e-04 
 4.84500000e-09  1.80000000e+00  4.84500000e-09  2.74478410e-04 
 4.85500000e-09  1.80000000e+00  4.85500000e-09  2.73879458e-04 
 4.86500000e-09  1.80000000e+00  4.86500000e-09  2.73126162e-04 
 4.87500000e-09  1.80000000e+00  4.87500000e-09  2.72533087e-04 
 4.88500000e-09  1.80000000e+00  4.88500000e-09  2.71786755e-04 
 4.89500000e-09  1.80000000e+00  4.89500000e-09  2.71199475e-04 
 4.90500000e-09  1.80000000e+00  4.90500000e-09  2.70460011e-04 
 4.91500000e-09  1.80000000e+00  4.91500000e-09  2.69878445e-04 
 4.92500000e-09  1.80000000e+00  4.92500000e-09  2.69145751e-04 
 4.93500000e-09  1.80000000e+00  4.93500000e-09  2.68569820e-04 
 4.94500000e-09  1.80000000e+00  4.94500000e-09  2.67843804e-04 
 4.95500000e-09  1.80000000e+00  4.95500000e-09  2.67273429e-04 
 4.96500000e-09  1.80000000e+00  4.96500000e-09  2.66553997e-04 
 4.97500000e-09  1.80000000e+00  4.97500000e-09  2.65989102e-04 
 4.98500000e-09  1.80000000e+00  4.98500000e-09  2.65276166e-04 
 4.99500000e-09  1.80000000e+00  4.99500000e-09  2.64716676e-04 
 5.00500000e-09  1.80000000e+00  5.00500000e-09  2.64010144e-04 
 5.01500000e-09  1.80000000e+00  5.01500000e-09  2.63455985e-04 
 5.02500000e-09  1.80000000e+00  5.02500000e-09  2.62755772e-04 
 5.03500000e-09  1.80000000e+00  5.03500000e-09  2.62206872e-04 
 5.04500000e-09  1.80000000e+00  5.04500000e-09  2.61512891e-04 
 5.05500000e-09  1.80000000e+00  5.05500000e-09  2.60969178e-04 
 5.06500000e-09  1.80000000e+00  5.06500000e-09  2.60281346e-04 
 5.07500000e-09  1.80000000e+00  5.07500000e-09  2.59742750e-04 
 5.08500000e-09  1.80000000e+00  5.08500000e-09  2.59060984e-04 
 5.09500000e-09  1.80000000e+00  5.09500000e-09  2.58527437e-04 
 5.10500000e-09  1.80000000e+00  5.10500000e-09  2.57851655e-04 
 5.11500000e-09  1.80000000e+00  5.11500000e-09  2.57323089e-04 
 5.12500000e-09  1.80000000e+00  5.12500000e-09  2.56653211e-04 
 5.13500000e-09  1.80000000e+00  5.13500000e-09  2.56129560e-04 
 5.14500000e-09  1.80000000e+00  5.14500000e-09  2.55465509e-04 
 5.15500000e-09  1.80000000e+00  5.15500000e-09  2.54946708e-04 
 5.16500000e-09  1.80000000e+00  5.16500000e-09  2.54288407e-04 
 5.17500000e-09  1.80000000e+00  5.17500000e-09  2.53774392e-04 
 5.18500000e-09  1.80000000e+00  5.18500000e-09  2.53121764e-04 
 5.19500000e-09  1.80000000e+00  5.19500000e-09  2.52612472e-04 
 5.20500000e-09  1.80000000e+00  5.20500000e-09  2.51965443e-04 
 5.21500000e-09  1.80000000e+00  5.21500000e-09  2.51460812e-04 
 5.22500000e-09  1.80000000e+00  5.22500000e-09  2.50819310e-04 
 5.23500000e-09  1.80000000e+00  5.23500000e-09  2.50319279e-04 
 5.24500000e-09  1.80000000e+00  5.24500000e-09  2.49683231e-04 
 5.25500000e-09  1.80000000e+00  5.25500000e-09  2.49187742e-04 
 5.26500000e-09  1.80000000e+00  5.26500000e-09  2.48557078e-04 
 5.27500000e-09  1.80000000e+00  5.27500000e-09  2.48066071e-04 
 5.28500000e-09  1.80000000e+00  5.28500000e-09  2.47440722e-04 
 5.29500000e-09  1.80000000e+00  5.29500000e-09  2.46954139e-04 
 5.30500000e-09  1.80000000e+00  5.30500000e-09  2.46334036e-04 
 5.31500000e-09  1.80000000e+00  5.31500000e-09  2.45851821e-04 
 5.32500000e-09  1.80000000e+00  5.32500000e-09  2.45236898e-04 
 5.33500000e-09  1.80000000e+00  5.33500000e-09  2.44758995e-04 
 5.34500000e-09  1.80000000e+00  5.34500000e-09  2.44149186e-04 
 5.35500000e-09  1.80000000e+00  5.35500000e-09  2.43675540e-04 
 5.36500000e-09  1.80000000e+00  5.36500000e-09  2.43070780e-04 
 5.37500000e-09  1.80000000e+00  5.37500000e-09  2.42601337e-04 
 5.38500000e-09  1.80000000e+00  5.38500000e-09  2.42001562e-04 
 5.39500000e-09  1.80000000e+00  5.39500000e-09  2.41536270e-04 
 5.40500000e-09  1.80000000e+00  5.40500000e-09  2.40941418e-04 
 5.41500000e-09  1.80000000e+00  5.41500000e-09  2.40480224e-04 
 5.42500000e-09  1.80000000e+00  5.42500000e-09  2.39890233e-04 
 5.43500000e-09  1.80000000e+00  5.43500000e-09  2.39433086e-04 
 5.44500000e-09  1.80000000e+00  5.44500000e-09  2.38847896e-04 
 5.45500000e-09  1.80000000e+00  5.45500000e-09  2.38394745e-04 
 5.46500000e-09  1.80000000e+00  5.46500000e-09  2.37814296e-04 
 5.47500000e-09  1.80000000e+00  5.47500000e-09  2.37365092e-04 
 5.48500000e-09  1.80000000e+00  5.48500000e-09  2.36789326e-04 
 5.49500000e-09  1.80000000e+00  5.49500000e-09  2.36344020e-04 
 5.50000000e-09  1.80000000e+00  5.50000000e-09  2.36026340e-04 
 5.50100000e-09  1.79640000e+00  5.50100000e-09 -8.39855938e-05 
 5.50300000e-09  1.78920000e+00  5.50300000e-09 -7.11951288e-04 
 5.50700000e-09  1.77480000e+00  5.50700000e-09 -1.83794200e-03 
 5.51500000e-09  1.74600000e+00  5.51500000e-09 -3.40564943e-03 
 5.52500000e-09  1.71000000e+00  5.52500000e-09 -4.47183370e-03 
 5.53500000e-09  1.67400000e+00  5.53500000e-09 -5.01088135e-03 
 5.54500000e-09  1.63800000e+00  5.54500000e-09 -5.29686157e-03 
 5.55500000e-09  1.60200000e+00  5.55500000e-09 -5.46160831e-03 
 5.56500000e-09  1.56600000e+00  5.56500000e-09 -5.56626066e-03 
 5.57500000e-09  1.53000000e+00  5.57500000e-09 -5.64359816e-03 
 5.58500000e-09  1.49400000e+00  5.58500000e-09 -5.70620450e-03 
 5.59500000e-09  1.45800000e+00  5.59500000e-09 -5.76472371e-03 
 5.60500000e-09  1.42200000e+00  5.60500000e-09 -5.82085488e-03 
 5.61500000e-09  1.38600000e+00  5.61500000e-09 -5.88122233e-03 
 5.62500000e-09  1.35000000e+00  5.62500000e-09 -5.94641102e-03 
 5.63500000e-09  1.31400000e+00  5.63500000e-09 -6.02463027e-03 
 5.64500000e-09  1.27800000e+00  5.64500000e-09 -6.11977383e-03 
 5.65500000e-09  1.24200000e+00  5.65500000e-09 -6.24617097e-03 
 5.66500000e-09  1.20600000e+00  5.66500000e-09 -6.41729217e-03 
 5.67500000e-09  1.17000000e+00  5.67500000e-09 -6.66310979e-03 
 5.68500000e-09  1.13400000e+00  5.68500000e-09 -7.02143385e-03 
 5.69500000e-09  1.09800000e+00  5.69500000e-09 -7.56106454e-03 
 5.70500000e-09  1.06200000e+00  5.70500000e-09 -8.38767365e-03 
 5.71500000e-09  1.02600000e+00  5.71500000e-09 -9.70230421e-03 
 5.72500000e-09  9.90000000e-01  5.72500000e-09 -1.18765594e-02 
 5.73500000e-09  9.54000000e-01  5.73500000e-09 -1.55942099e-02 
 5.74500000e-09  9.18000000e-01  5.74500000e-09 -2.18432965e-02 
 5.75500000e-09  8.82000000e-01  5.75500000e-09 -3.09987528e-02 
 5.76500000e-09  8.46000000e-01  5.76500000e-09 -3.85412927e-02 
 5.77500000e-09  8.10000000e-01  5.77500000e-09 -2.80349910e-02 
 5.78500000e-09  7.74000000e-01  5.78500000e-09  2.39827130e-02 
 5.79500000e-09  7.38000000e-01  5.79500000e-09  1.36520866e-01 
 5.80500000e-09  7.02000000e-01  5.80500000e-09  3.12752874e-01 
 5.81500000e-09  6.66000000e-01  5.81500000e-09  5.38490571e-01 
 5.82500000e-09  6.30000000e-01  5.82500000e-09  7.97736945e-01 
 5.83500000e-09  5.94000000e-01  5.83500000e-09  1.04039215e+00 
 5.84500000e-09  5.58000000e-01  5.84500000e-09  1.20672466e+00 
 5.85500000e-09  5.22000000e-01  5.85500000e-09  1.33646854e+00 
 5.86500000e-09  4.86000000e-01  5.86500000e-09  1.44992320e+00 
 5.87500000e-09  4.50000000e-01  5.87500000e-09  1.54461013e+00 
 5.88500000e-09  4.14000000e-01  5.88500000e-09  1.61792793e+00 
 5.89500000e-09  3.78000000e-01  5.89500000e-09  1.67277925e+00 
 5.90500000e-09  3.42000000e-01  5.90500000e-09  1.71226347e+00 
 5.91500000e-09  3.06000000e-01  5.91500000e-09  1.73994704e+00 
 5.92500000e-09  2.70000000e-01  5.92500000e-09  1.75856523e+00 
 5.93500000e-09  2.34000000e-01  5.93500000e-09  1.77097395e+00 
 5.94500000e-09  1.98000000e-01  5.94500000e-09  1.77887233e+00 
 5.95500000e-09  1.62000000e-01  5.95500000e-09  1.78401858e+00 
 5.96500000e-09  1.26000000e-01  5.96500000e-09  1.78714662e+00 
 5.97500000e-09  9.00000000e-02  5.97500000e-09  1.78923217e+00 
 5.98500000e-09  5.40000000e-02  5.98500000e-09  1.79043846e+00 
 5.99500000e-09  1.80000000e-02  5.99500000e-09  1.79133304e+00 
 6.00000000e-09  0.00000000e+00  6.00000000e-09  1.79156326e+00 
 6.00100000e-09  0.00000000e+00  6.00100000e-09  1.79182171e+00 
 6.00300000e-09  0.00000000e+00  6.00300000e-09  1.79237521e+00 
 6.00700000e-09  0.00000000e+00  6.00700000e-09  1.79375286e+00 
 6.01500000e-09  0.00000000e+00  6.01500000e-09  1.79611627e+00 
 6.02500000e-09  0.00000000e+00  6.02500000e-09  1.79789608e+00 
 6.03500000e-09  0.00000000e+00  6.03500000e-09  1.79885845e+00 
 6.04500000e-09  0.00000000e+00  6.04500000e-09  1.79937767e+00 
 6.05500000e-09  0.00000000e+00  6.05500000e-09  1.79966491e+00 
 6.06500000e-09  0.00000000e+00  6.06500000e-09  1.79981507e+00 
 6.07500000e-09  0.00000000e+00  6.07500000e-09  1.79990247e+00 
 6.08500000e-09  0.00000000e+00  6.08500000e-09  1.79994415e+00 
 6.09500000e-09  0.00000000e+00  6.09500000e-09  1.79997244e+00 
 6.10500000e-09  0.00000000e+00  6.10500000e-09  1.79998231e+00 
 6.11500000e-09  0.00000000e+00  6.11500000e-09  1.79999302e+00 
 6.12500000e-09  0.00000000e+00  6.12500000e-09  1.79999364e+00 
 6.13500000e-09  0.00000000e+00  6.13500000e-09  1.79999905e+00 
 6.14500000e-09  0.00000000e+00  6.14500000e-09  1.79999714e+00 
 6.15500000e-09  0.00000000e+00  6.15500000e-09  1.80000074e+00 
 6.16500000e-09  0.00000000e+00  6.16500000e-09  1.79999823e+00 
 6.17500000e-09  0.00000000e+00  6.17500000e-09  1.80000114e+00 
 6.18500000e-09  0.00000000e+00  6.18500000e-09  1.79999859e+00 
 6.19500000e-09  0.00000000e+00  6.19500000e-09  1.80000120e+00 
 6.20500000e-09  0.00000000e+00  6.20500000e-09  1.79999873e+00 
 6.21500000e-09  0.00000000e+00  6.21500000e-09  1.80000117e+00 
 6.22500000e-09  0.00000000e+00  6.22500000e-09  1.79999882e+00 
 6.23500000e-09  0.00000000e+00  6.23500000e-09  1.80000111e+00 
 6.24500000e-09  0.00000000e+00  6.24500000e-09  1.79999889e+00 
 6.25500000e-09  0.00000000e+00  6.25500000e-09  1.80000105e+00 
 6.26500000e-09  0.00000000e+00  6.26500000e-09  1.79999895e+00 
 6.27500000e-09  0.00000000e+00  6.27500000e-09  1.80000100e+00 
 6.28500000e-09  0.00000000e+00  6.28500000e-09  1.79999901e+00 
 6.29500000e-09  0.00000000e+00  6.29500000e-09  1.80000094e+00 
 6.30500000e-09  0.00000000e+00  6.30500000e-09  1.79999906e+00 
 6.31500000e-09  0.00000000e+00  6.31500000e-09  1.80000089e+00 
 6.32500000e-09  0.00000000e+00  6.32500000e-09  1.79999912e+00 
 6.33500000e-09  0.00000000e+00  6.33500000e-09  1.80000084e+00 
 6.34500000e-09  0.00000000e+00  6.34500000e-09  1.79999916e+00 
 6.35500000e-09  0.00000000e+00  6.35500000e-09  1.80000080e+00 
 6.36500000e-09  0.00000000e+00  6.36500000e-09  1.79999921e+00 
 6.37500000e-09  0.00000000e+00  6.37500000e-09  1.80000075e+00 
 6.38500000e-09  0.00000000e+00  6.38500000e-09  1.79999925e+00 
 6.39500000e-09  0.00000000e+00  6.39500000e-09  1.80000071e+00 
 6.40500000e-09  0.00000000e+00  6.40500000e-09  1.79999929e+00 
 6.41500000e-09  0.00000000e+00  6.41500000e-09  1.80000067e+00 
 6.42500000e-09  0.00000000e+00  6.42500000e-09  1.79999933e+00 
 6.43500000e-09  0.00000000e+00  6.43500000e-09  1.80000063e+00 
 6.44500000e-09  0.00000000e+00  6.44500000e-09  1.79999937e+00 
 6.45500000e-09  0.00000000e+00  6.45500000e-09  1.80000060e+00 
 6.46500000e-09  0.00000000e+00  6.46500000e-09  1.79999940e+00 
 6.47500000e-09  0.00000000e+00  6.47500000e-09  1.80000057e+00 
 6.48500000e-09  0.00000000e+00  6.48500000e-09  1.79999944e+00 
 6.49500000e-09  0.00000000e+00  6.49500000e-09  1.80000054e+00 
 6.50500000e-09  0.00000000e+00  6.50500000e-09  1.79999947e+00 
 6.51500000e-09  0.00000000e+00  6.51500000e-09  1.80000051e+00 
 6.52500000e-09  0.00000000e+00  6.52500000e-09  1.79999949e+00 
 6.53500000e-09  0.00000000e+00  6.53500000e-09  1.80000048e+00 
 6.54500000e-09  0.00000000e+00  6.54500000e-09  1.79999952e+00 
 6.55500000e-09  0.00000000e+00  6.55500000e-09  1.80000045e+00 
 6.56500000e-09  0.00000000e+00  6.56500000e-09  1.79999955e+00 
 6.57500000e-09  0.00000000e+00  6.57500000e-09  1.80000043e+00 
 6.58500000e-09  0.00000000e+00  6.58500000e-09  1.79999957e+00 
 6.59500000e-09  0.00000000e+00  6.59500000e-09  1.80000041e+00 
 6.60500000e-09  0.00000000e+00  6.60500000e-09  1.79999959e+00 
 6.61500000e-09  0.00000000e+00  6.61500000e-09  1.80000038e+00 
 6.62500000e-09  0.00000000e+00  6.62500000e-09  1.79999961e+00 
 6.63500000e-09  0.00000000e+00  6.63500000e-09  1.80000036e+00 
 6.64500000e-09  0.00000000e+00  6.64500000e-09  1.79999963e+00 
 6.65500000e-09  0.00000000e+00  6.65500000e-09  1.80000034e+00 
 6.66500000e-09  0.00000000e+00  6.66500000e-09  1.79999965e+00 
 6.67500000e-09  0.00000000e+00  6.67500000e-09  1.80000033e+00 
 6.68500000e-09  0.00000000e+00  6.68500000e-09  1.79999967e+00 
 6.69500000e-09  0.00000000e+00  6.69500000e-09  1.80000031e+00 
 6.70500000e-09  0.00000000e+00  6.70500000e-09  1.79999969e+00 
 6.71500000e-09  0.00000000e+00  6.71500000e-09  1.80000029e+00 
 6.72500000e-09  0.00000000e+00  6.72500000e-09  1.79999970e+00 
 6.73500000e-09  0.00000000e+00  6.73500000e-09  1.80000028e+00 
 6.74500000e-09  0.00000000e+00  6.74500000e-09  1.79999972e+00 
 6.75500000e-09  0.00000000e+00  6.75500000e-09  1.80000026e+00 
 6.76500000e-09  0.00000000e+00  6.76500000e-09  1.79999973e+00 
 6.77500000e-09  0.00000000e+00  6.77500000e-09  1.80000025e+00 
 6.78500000e-09  0.00000000e+00  6.78500000e-09  1.79999974e+00 
 6.79500000e-09  0.00000000e+00  6.79500000e-09  1.80000024e+00 
 6.80500000e-09  0.00000000e+00  6.80500000e-09  1.79999976e+00 
 6.81500000e-09  0.00000000e+00  6.81500000e-09  1.80000023e+00 
 6.82500000e-09  0.00000000e+00  6.82500000e-09  1.79999977e+00 
 6.83500000e-09  0.00000000e+00  6.83500000e-09  1.80000022e+00 
 6.84500000e-09  0.00000000e+00  6.84500000e-09  1.79999978e+00 
 6.85500000e-09  0.00000000e+00  6.85500000e-09  1.80000021e+00 
 6.86500000e-09  0.00000000e+00  6.86500000e-09  1.79999979e+00 
 6.87500000e-09  0.00000000e+00  6.87500000e-09  1.80000020e+00 
 6.88500000e-09  0.00000000e+00  6.88500000e-09  1.79999980e+00 
 6.89500000e-09  0.00000000e+00  6.89500000e-09  1.80000019e+00 
 6.90500000e-09  0.00000000e+00  6.90500000e-09  1.79999981e+00 
 6.91500000e-09  0.00000000e+00  6.91500000e-09  1.80000018e+00 
 6.92500000e-09  0.00000000e+00  6.92500000e-09  1.79999982e+00 
 6.93500000e-09  0.00000000e+00  6.93500000e-09  1.80000017e+00 
 6.94500000e-09  0.00000000e+00  6.94500000e-09  1.79999982e+00 
 6.95500000e-09  0.00000000e+00  6.95500000e-09  1.80000016e+00 
 6.96500000e-09  0.00000000e+00  6.96500000e-09  1.79999983e+00 
 6.97500000e-09  0.00000000e+00  6.97500000e-09  1.80000016e+00 
 6.98500000e-09  0.00000000e+00  6.98500000e-09  1.79999984e+00 
 6.99500000e-09  0.00000000e+00  6.99500000e-09  1.80000015e+00 
 7.00500000e-09  0.00000000e+00  7.00500000e-09  1.79999985e+00 
 7.01500000e-09  0.00000000e+00  7.01500000e-09  1.80000014e+00 
 7.02500000e-09  0.00000000e+00  7.02500000e-09  1.79999985e+00 
 7.03500000e-09  0.00000000e+00  7.03500000e-09  1.80000014e+00 
 7.04500000e-09  0.00000000e+00  7.04500000e-09  1.79999986e+00 
 7.05500000e-09  0.00000000e+00  7.05500000e-09  1.80000013e+00 
 7.06500000e-09  0.00000000e+00  7.06500000e-09  1.79999986e+00 
 7.07500000e-09  0.00000000e+00  7.07500000e-09  1.80000012e+00 
 7.08500000e-09  0.00000000e+00  7.08500000e-09  1.79999987e+00 
 7.09500000e-09  0.00000000e+00  7.09500000e-09  1.80000012e+00 
 7.10500000e-09  0.00000000e+00  7.10500000e-09  1.79999987e+00 
 7.11500000e-09  0.00000000e+00  7.11500000e-09  1.80000011e+00 
 7.12500000e-09  0.00000000e+00  7.12500000e-09  1.79999988e+00 
 7.13500000e-09  0.00000000e+00  7.13500000e-09  1.80000011e+00 
 7.14500000e-09  0.00000000e+00  7.14500000e-09  1.79999988e+00 
 7.15500000e-09  0.00000000e+00  7.15500000e-09  1.80000011e+00 
 7.16500000e-09  0.00000000e+00  7.16500000e-09  1.79999989e+00 
 7.17500000e-09  0.00000000e+00  7.17500000e-09  1.80000010e+00 
 7.18500000e-09  0.00000000e+00  7.18500000e-09  1.79999989e+00 
 7.19500000e-09  0.00000000e+00  7.19500000e-09  1.80000010e+00 
 7.20500000e-09  0.00000000e+00  7.20500000e-09  1.79999989e+00 
 7.21500000e-09  0.00000000e+00  7.21500000e-09  1.80000009e+00 
 7.22500000e-09  0.00000000e+00  7.22500000e-09  1.79999990e+00 
 7.23500000e-09  0.00000000e+00  7.23500000e-09  1.80000009e+00 
 7.24500000e-09  0.00000000e+00  7.24500000e-09  1.79999990e+00 
 7.25500000e-09  0.00000000e+00  7.25500000e-09  1.80000009e+00 
 7.26500000e-09  0.00000000e+00  7.26500000e-09  1.79999991e+00 
 7.27500000e-09  0.00000000e+00  7.27500000e-09  1.80000008e+00 
 7.28500000e-09  0.00000000e+00  7.28500000e-09  1.79999991e+00 
 7.29500000e-09  0.00000000e+00  7.29500000e-09  1.80000008e+00 
 7.30500000e-09  0.00000000e+00  7.30500000e-09  1.79999991e+00 
 7.31500000e-09  0.00000000e+00  7.31500000e-09  1.80000008e+00 
 7.32500000e-09  0.00000000e+00  7.32500000e-09  1.79999991e+00 
 7.33500000e-09  0.00000000e+00  7.33500000e-09  1.80000008e+00 
 7.34500000e-09  0.00000000e+00  7.34500000e-09  1.79999992e+00 
 7.35500000e-09  0.00000000e+00  7.35500000e-09  1.80000007e+00 
 7.36500000e-09  0.00000000e+00  7.36500000e-09  1.79999992e+00 
 7.37500000e-09  0.00000000e+00  7.37500000e-09  1.80000007e+00 
 7.38500000e-09  0.00000000e+00  7.38500000e-09  1.79999992e+00 
 7.39500000e-09  0.00000000e+00  7.39500000e-09  1.80000007e+00 
 7.40500000e-09  0.00000000e+00  7.40500000e-09  1.79999992e+00 
 7.41500000e-09  0.00000000e+00  7.41500000e-09  1.80000007e+00 
 7.42500000e-09  0.00000000e+00  7.42500000e-09  1.79999993e+00 
 7.43500000e-09  0.00000000e+00  7.43500000e-09  1.80000006e+00 
 7.44500000e-09  0.00000000e+00  7.44500000e-09  1.79999993e+00 
 7.45500000e-09  0.00000000e+00  7.45500000e-09  1.80000006e+00 
 7.46500000e-09  0.00000000e+00  7.46500000e-09  1.79999993e+00 
 7.47500000e-09  0.00000000e+00  7.47500000e-09  1.80000006e+00 
 7.48500000e-09  0.00000000e+00  7.48500000e-09  1.79999993e+00 
 7.49500000e-09  0.00000000e+00  7.49500000e-09  1.80000006e+00 
 7.50500000e-09  0.00000000e+00  7.50500000e-09  1.79999993e+00 
 7.51500000e-09  0.00000000e+00  7.51500000e-09  1.80000006e+00 
 7.52500000e-09  0.00000000e+00  7.52500000e-09  1.79999994e+00 
 7.53500000e-09  0.00000000e+00  7.53500000e-09  1.80000006e+00 
 7.54500000e-09  0.00000000e+00  7.54500000e-09  1.79999994e+00 
 7.55500000e-09  0.00000000e+00  7.55500000e-09  1.80000005e+00 
 7.56500000e-09  0.00000000e+00  7.56500000e-09  1.79999994e+00 
 7.57500000e-09  0.00000000e+00  7.57500000e-09  1.80000005e+00 
 7.58500000e-09  0.00000000e+00  7.58500000e-09  1.79999994e+00 
 7.59500000e-09  0.00000000e+00  7.59500000e-09  1.80000005e+00 
 7.60500000e-09  0.00000000e+00  7.60500000e-09  1.79999994e+00 
 7.61500000e-09  0.00000000e+00  7.61500000e-09  1.80000005e+00 
 7.62500000e-09  0.00000000e+00  7.62500000e-09  1.79999994e+00 
 7.63500000e-09  0.00000000e+00  7.63500000e-09  1.80000005e+00 
 7.64500000e-09  0.00000000e+00  7.64500000e-09  1.79999994e+00 
 7.65500000e-09  0.00000000e+00  7.65500000e-09  1.80000005e+00 
 7.66500000e-09  0.00000000e+00  7.66500000e-09  1.79999995e+00 
 7.67500000e-09  0.00000000e+00  7.67500000e-09  1.80000005e+00 
 7.68500000e-09  0.00000000e+00  7.68500000e-09  1.79999995e+00 
 7.69500000e-09  0.00000000e+00  7.69500000e-09  1.80000004e+00 
 7.70500000e-09  0.00000000e+00  7.70500000e-09  1.79999995e+00 
 7.71500000e-09  0.00000000e+00  7.71500000e-09  1.80000004e+00 
 7.72500000e-09  0.00000000e+00  7.72500000e-09  1.79999995e+00 
 7.73500000e-09  0.00000000e+00  7.73500000e-09  1.80000004e+00 
 7.74500000e-09  0.00000000e+00  7.74500000e-09  1.79999995e+00 
 7.75500000e-09  0.00000000e+00  7.75500000e-09  1.80000004e+00 
 7.76500000e-09  0.00000000e+00  7.76500000e-09  1.79999995e+00 
 7.77500000e-09  0.00000000e+00  7.77500000e-09  1.80000004e+00 
 7.78500000e-09  0.00000000e+00  7.78500000e-09  1.79999995e+00 
 7.79500000e-09  0.00000000e+00  7.79500000e-09  1.80000004e+00 
 7.80500000e-09  0.00000000e+00  7.80500000e-09  1.79999995e+00 
 7.81500000e-09  0.00000000e+00  7.81500000e-09  1.80000004e+00 
 7.82500000e-09  0.00000000e+00  7.82500000e-09  1.79999995e+00 
 7.83500000e-09  0.00000000e+00  7.83500000e-09  1.80000004e+00 
 7.84500000e-09  0.00000000e+00  7.84500000e-09  1.79999995e+00 
 7.85500000e-09  0.00000000e+00  7.85500000e-09  1.80000004e+00 
 7.86500000e-09  0.00000000e+00  7.86500000e-09  1.79999996e+00 
 7.87500000e-09  0.00000000e+00  7.87500000e-09  1.80000004e+00 
 7.88500000e-09  0.00000000e+00  7.88500000e-09  1.79999996e+00 
 7.89500000e-09  0.00000000e+00  7.89500000e-09  1.80000004e+00 
 7.90500000e-09  0.00000000e+00  7.90500000e-09  1.79999996e+00 
 7.91500000e-09  0.00000000e+00  7.91500000e-09  1.80000003e+00 
 7.92500000e-09  0.00000000e+00  7.92500000e-09  1.79999996e+00 
 7.93500000e-09  0.00000000e+00  7.93500000e-09  1.80000003e+00 
 7.94500000e-09  0.00000000e+00  7.94500000e-09  1.79999996e+00 
 7.95500000e-09  0.00000000e+00  7.95500000e-09  1.80000003e+00 
 7.96500000e-09  0.00000000e+00  7.96500000e-09  1.79999996e+00 
 7.97500000e-09  0.00000000e+00  7.97500000e-09  1.80000003e+00 
 7.98500000e-09  0.00000000e+00  7.98500000e-09  1.79999996e+00 
 7.99500000e-09  0.00000000e+00  7.99500000e-09  1.80000003e+00 
 8.00500000e-09  0.00000000e+00  8.00500000e-09  1.79999996e+00 
 8.01500000e-09  0.00000000e+00  8.01500000e-09  1.80000003e+00 
 8.02500000e-09  0.00000000e+00  8.02500000e-09  1.79999996e+00 
 8.03500000e-09  0.00000000e+00  8.03500000e-09  1.80000003e+00 
 8.04500000e-09  0.00000000e+00  8.04500000e-09  1.79999996e+00 
 8.05500000e-09  0.00000000e+00  8.05500000e-09  1.80000003e+00 
 8.06500000e-09  0.00000000e+00  8.06500000e-09  1.79999996e+00 
 8.07500000e-09  0.00000000e+00  8.07500000e-09  1.80000003e+00 
 8.08500000e-09  0.00000000e+00  8.08500000e-09  1.79999996e+00 
 8.09500000e-09  0.00000000e+00  8.09500000e-09  1.80000002e+00 
 8.10500000e-09  0.00000000e+00  8.10500000e-09  1.79999996e+00 
 8.11500000e-09  0.00000000e+00  8.11500000e-09  1.80000002e+00 
 8.12500000e-09  0.00000000e+00  8.12500000e-09  1.79999996e+00 
 8.13500000e-09  0.00000000e+00  8.13500000e-09  1.80000002e+00 
 8.14500000e-09  0.00000000e+00  8.14500000e-09  1.79999996e+00 
 8.15500000e-09  0.00000000e+00  8.15500000e-09  1.80000002e+00 
 8.16500000e-09  0.00000000e+00  8.16500000e-09  1.79999996e+00 
 8.17500000e-09  0.00000000e+00  8.17500000e-09  1.80000002e+00 
 8.18500000e-09  0.00000000e+00  8.18500000e-09  1.79999996e+00 
 8.19500000e-09  0.00000000e+00  8.19500000e-09  1.80000002e+00 
 8.20500000e-09  0.00000000e+00  8.20500000e-09  1.79999996e+00 
 8.21500000e-09  0.00000000e+00  8.21500000e-09  1.80000002e+00 
 8.22500000e-09  0.00000000e+00  8.22500000e-09  1.79999996e+00 
 8.23500000e-09  0.00000000e+00  8.23500000e-09  1.80000002e+00 
 8.24500000e-09  0.00000000e+00  8.24500000e-09  1.79999996e+00 
 8.25500000e-09  0.00000000e+00  8.25500000e-09  1.80000002e+00 
 8.26500000e-09  0.00000000e+00  8.26500000e-09  1.79999996e+00 
 8.27500000e-09  0.00000000e+00  8.27500000e-09  1.80000002e+00 
 8.28500000e-09  0.00000000e+00  8.28500000e-09  1.79999996e+00 
 8.29500000e-09  0.00000000e+00  8.29500000e-09  1.80000002e+00 
 8.30500000e-09  0.00000000e+00  8.30500000e-09  1.79999996e+00 
 8.31500000e-09  0.00000000e+00  8.31500000e-09  1.80000002e+00 
 8.32500000e-09  0.00000000e+00  8.32500000e-09  1.79999996e+00 
 8.33500000e-09  0.00000000e+00  8.33500000e-09  1.80000001e+00 
 8.34500000e-09  0.00000000e+00  8.34500000e-09  1.79999996e+00 
 8.35500000e-09  0.00000000e+00  8.35500000e-09  1.80000001e+00 
 8.36500000e-09  0.00000000e+00  8.36500000e-09  1.79999996e+00 
 8.37500000e-09  0.00000000e+00  8.37500000e-09  1.80000001e+00 
 8.38500000e-09  0.00000000e+00  8.38500000e-09  1.79999996e+00 
 8.39500000e-09  0.00000000e+00  8.39500000e-09  1.80000001e+00 
 8.40500000e-09  0.00000000e+00  8.40500000e-09  1.79999996e+00 
 8.41500000e-09  0.00000000e+00  8.41500000e-09  1.80000001e+00 
 8.42500000e-09  0.00000000e+00  8.42500000e-09  1.79999996e+00 
 8.43500000e-09  0.00000000e+00  8.43500000e-09  1.80000001e+00 
 8.44500000e-09  0.00000000e+00  8.44500000e-09  1.79999996e+00 
 8.45500000e-09  0.00000000e+00  8.45500000e-09  1.80000001e+00 
 8.46500000e-09  0.00000000e+00  8.46500000e-09  1.79999996e+00 
 8.47500000e-09  0.00000000e+00  8.47500000e-09  1.80000001e+00 
 8.48500000e-09  0.00000000e+00  8.48500000e-09  1.79999996e+00 
 8.49500000e-09  0.00000000e+00  8.49500000e-09  1.80000001e+00 
 8.50500000e-09  0.00000000e+00  8.50500000e-09  1.79999996e+00 
 8.51500000e-09  0.00000000e+00  8.51500000e-09  1.80000001e+00 
 8.52500000e-09  0.00000000e+00  8.52500000e-09  1.79999997e+00 
 8.53500000e-09  0.00000000e+00  8.53500000e-09  1.80000001e+00 
 8.54500000e-09  0.00000000e+00  8.54500000e-09  1.79999997e+00 
 8.55500000e-09  0.00000000e+00  8.55500000e-09  1.80000001e+00 
 8.56500000e-09  0.00000000e+00  8.56500000e-09  1.79999997e+00 
 8.57500000e-09  0.00000000e+00  8.57500000e-09  1.80000001e+00 
 8.58500000e-09  0.00000000e+00  8.58500000e-09  1.79999997e+00 
 8.59500000e-09  0.00000000e+00  8.59500000e-09  1.80000001e+00 
 8.60500000e-09  0.00000000e+00  8.60500000e-09  1.79999997e+00 
 8.61500000e-09  0.00000000e+00  8.61500000e-09  1.80000001e+00 
 8.62500000e-09  0.00000000e+00  8.62500000e-09  1.79999997e+00 
 8.63500000e-09  0.00000000e+00  8.63500000e-09  1.80000001e+00 
 8.64500000e-09  0.00000000e+00  8.64500000e-09  1.79999997e+00 
 8.65500000e-09  0.00000000e+00  8.65500000e-09  1.80000001e+00 
 8.66500000e-09  0.00000000e+00  8.66500000e-09  1.79999997e+00 
 8.67500000e-09  0.00000000e+00  8.67500000e-09  1.80000001e+00 
 8.68500000e-09  0.00000000e+00  8.68500000e-09  1.79999997e+00 
 8.69500000e-09  0.00000000e+00  8.69500000e-09  1.80000001e+00 
 8.70500000e-09  0.00000000e+00  8.70500000e-09  1.79999997e+00 
 8.71500000e-09  0.00000000e+00  8.71500000e-09  1.80000001e+00 
 8.72500000e-09  0.00000000e+00  8.72500000e-09  1.79999997e+00 
 8.73500000e-09  0.00000000e+00  8.73500000e-09  1.80000001e+00 
 8.74500000e-09  0.00000000e+00  8.74500000e-09  1.79999997e+00 
 8.75500000e-09  0.00000000e+00  8.75500000e-09  1.80000001e+00 
 8.76500000e-09  0.00000000e+00  8.76500000e-09  1.79999997e+00 
 8.77500000e-09  0.00000000e+00  8.77500000e-09  1.80000001e+00 
 8.78500000e-09  0.00000000e+00  8.78500000e-09  1.79999997e+00 
 8.79500000e-09  0.00000000e+00  8.79500000e-09  1.80000001e+00 
 8.80500000e-09  0.00000000e+00  8.80500000e-09  1.79999997e+00 
 8.81500000e-09  0.00000000e+00  8.81500000e-09  1.80000001e+00 
 8.82500000e-09  0.00000000e+00  8.82500000e-09  1.79999997e+00 
 8.83500000e-09  0.00000000e+00  8.83500000e-09  1.80000001e+00 
 8.84500000e-09  0.00000000e+00  8.84500000e-09  1.79999997e+00 
 8.85500000e-09  0.00000000e+00  8.85500000e-09  1.80000001e+00 
 8.86500000e-09  0.00000000e+00  8.86500000e-09  1.79999997e+00 
 8.87500000e-09  0.00000000e+00  8.87500000e-09  1.80000001e+00 
 8.88500000e-09  0.00000000e+00  8.88500000e-09  1.79999997e+00 
 8.89500000e-09  0.00000000e+00  8.89500000e-09  1.80000001e+00 
 8.90500000e-09  0.00000000e+00  8.90500000e-09  1.79999997e+00 
 8.91500000e-09  0.00000000e+00  8.91500000e-09  1.80000000e+00 
 8.92500000e-09  0.00000000e+00  8.92500000e-09  1.79999997e+00 
 8.93500000e-09  0.00000000e+00  8.93500000e-09  1.80000000e+00 
 8.94500000e-09  0.00000000e+00  8.94500000e-09  1.79999997e+00 
 8.95500000e-09  0.00000000e+00  8.95500000e-09  1.80000000e+00 
 8.96500000e-09  0.00000000e+00  8.96500000e-09  1.79999997e+00 
 8.97500000e-09  0.00000000e+00  8.97500000e-09  1.80000000e+00 
 8.98500000e-09  0.00000000e+00  8.98500000e-09  1.79999997e+00 
 8.99500000e-09  0.00000000e+00  8.99500000e-09  1.80000000e+00 
 9.00500000e-09  0.00000000e+00  9.00500000e-09  1.79999997e+00 
 9.01500000e-09  0.00000000e+00  9.01500000e-09  1.80000000e+00 
 9.02500000e-09  0.00000000e+00  9.02500000e-09  1.79999997e+00 
 9.03500000e-09  0.00000000e+00  9.03500000e-09  1.80000000e+00 
 9.04500000e-09  0.00000000e+00  9.04500000e-09  1.79999997e+00 
 9.05500000e-09  0.00000000e+00  9.05500000e-09  1.80000000e+00 
 9.06500000e-09  0.00000000e+00  9.06500000e-09  1.79999997e+00 
 9.07500000e-09  0.00000000e+00  9.07500000e-09  1.80000000e+00 
 9.08500000e-09  0.00000000e+00  9.08500000e-09  1.79999997e+00 
 9.09500000e-09  0.00000000e+00  9.09500000e-09  1.80000000e+00 
 9.10500000e-09  0.00000000e+00  9.10500000e-09  1.79999997e+00 
 9.11500000e-09  0.00000000e+00  9.11500000e-09  1.80000000e+00 
 9.12500000e-09  0.00000000e+00  9.12500000e-09  1.79999997e+00 
 9.13500000e-09  0.00000000e+00  9.13500000e-09  1.80000000e+00 
 9.14500000e-09  0.00000000e+00  9.14500000e-09  1.79999997e+00 
 9.15500000e-09  0.00000000e+00  9.15500000e-09  1.80000000e+00 
 9.16500000e-09  0.00000000e+00  9.16500000e-09  1.79999997e+00 
 9.17500000e-09  0.00000000e+00  9.17500000e-09  1.80000000e+00 
 9.18500000e-09  0.00000000e+00  9.18500000e-09  1.79999997e+00 
 9.19500000e-09  0.00000000e+00  9.19500000e-09  1.80000000e+00 
 9.20500000e-09  0.00000000e+00  9.20500000e-09  1.79999997e+00 
 9.21500000e-09  0.00000000e+00  9.21500000e-09  1.80000000e+00 
 9.22500000e-09  0.00000000e+00  9.22500000e-09  1.79999997e+00 
 9.23500000e-09  0.00000000e+00  9.23500000e-09  1.80000000e+00 
 9.24500000e-09  0.00000000e+00  9.24500000e-09  1.79999998e+00 
 9.25500000e-09  0.00000000e+00  9.25500000e-09  1.80000000e+00 
 9.26500000e-09  0.00000000e+00  9.26500000e-09  1.79999998e+00 
 9.27500000e-09  0.00000000e+00  9.27500000e-09  1.80000000e+00 
 9.28500000e-09  0.00000000e+00  9.28500000e-09  1.79999998e+00 
 9.29500000e-09  0.00000000e+00  9.29500000e-09  1.80000000e+00 
 9.30500000e-09  0.00000000e+00  9.30500000e-09  1.79999998e+00 
 9.31500000e-09  0.00000000e+00  9.31500000e-09  1.80000000e+00 
 9.32500000e-09  0.00000000e+00  9.32500000e-09  1.79999998e+00 
 9.33500000e-09  0.00000000e+00  9.33500000e-09  1.80000000e+00 
 9.34500000e-09  0.00000000e+00  9.34500000e-09  1.79999998e+00 
 9.35500000e-09  0.00000000e+00  9.35500000e-09  1.80000000e+00 
 9.36500000e-09  0.00000000e+00  9.36500000e-09  1.79999998e+00 
 9.37500000e-09  0.00000000e+00  9.37500000e-09  1.80000000e+00 
 9.38500000e-09  0.00000000e+00  9.38500000e-09  1.79999998e+00 
 9.39500000e-09  0.00000000e+00  9.39500000e-09  1.80000000e+00 
 9.40500000e-09  0.00000000e+00  9.40500000e-09  1.79999998e+00 
 9.41500000e-09  0.00000000e+00  9.41500000e-09  1.80000000e+00 
 9.42500000e-09  0.00000000e+00  9.42500000e-09  1.79999998e+00 
 9.43500000e-09  0.00000000e+00  9.43500000e-09  1.80000000e+00 
 9.44500000e-09  0.00000000e+00  9.44500000e-09  1.79999998e+00 
 9.45500000e-09  0.00000000e+00  9.45500000e-09  1.80000000e+00 
 9.46500000e-09  0.00000000e+00  9.46500000e-09  1.79999998e+00 
 9.47500000e-09  0.00000000e+00  9.47500000e-09  1.80000000e+00 
 9.48500000e-09  0.00000000e+00  9.48500000e-09  1.79999998e+00 
 9.49500000e-09  0.00000000e+00  9.49500000e-09  1.80000000e+00 
 9.50500000e-09  0.00000000e+00  9.50500000e-09  1.79999998e+00 
 9.51500000e-09  0.00000000e+00  9.51500000e-09  1.80000000e+00 
 9.52500000e-09  0.00000000e+00  9.52500000e-09  1.79999998e+00 
 9.53500000e-09  0.00000000e+00  9.53500000e-09  1.80000000e+00 
 9.54500000e-09  0.00000000e+00  9.54500000e-09  1.79999998e+00 
 9.55500000e-09  0.00000000e+00  9.55500000e-09  1.80000000e+00 
 9.56500000e-09  0.00000000e+00  9.56500000e-09  1.79999998e+00 
 9.57500000e-09  0.00000000e+00  9.57500000e-09  1.80000000e+00 
 9.58500000e-09  0.00000000e+00  9.58500000e-09  1.79999998e+00 
 9.59500000e-09  0.00000000e+00  9.59500000e-09  1.80000000e+00 
 9.60500000e-09  0.00000000e+00  9.60500000e-09  1.79999998e+00 
 9.61500000e-09  0.00000000e+00  9.61500000e-09  1.80000000e+00 
 9.62500000e-09  0.00000000e+00  9.62500000e-09  1.79999998e+00 
 9.63500000e-09  0.00000000e+00  9.63500000e-09  1.80000000e+00 
 9.64500000e-09  0.00000000e+00  9.64500000e-09  1.79999998e+00 
 9.65500000e-09  0.00000000e+00  9.65500000e-09  1.80000000e+00 
 9.66500000e-09  0.00000000e+00  9.66500000e-09  1.79999998e+00 
 9.67500000e-09  0.00000000e+00  9.67500000e-09  1.80000000e+00 
 9.68500000e-09  0.00000000e+00  9.68500000e-09  1.79999998e+00 
 9.69500000e-09  0.00000000e+00  9.69500000e-09  1.80000000e+00 
 9.70500000e-09  0.00000000e+00  9.70500000e-09  1.79999998e+00 
 9.71500000e-09  0.00000000e+00  9.71500000e-09  1.80000000e+00 
 9.72500000e-09  0.00000000e+00  9.72500000e-09  1.79999998e+00 
 9.73500000e-09  0.00000000e+00  9.73500000e-09  1.80000000e+00 
 9.74500000e-09  0.00000000e+00  9.74500000e-09  1.79999998e+00 
 9.75500000e-09  0.00000000e+00  9.75500000e-09  1.80000000e+00 
 9.76500000e-09  0.00000000e+00  9.76500000e-09  1.79999998e+00 
 9.77500000e-09  0.00000000e+00  9.77500000e-09  1.80000000e+00 
 9.78500000e-09  0.00000000e+00  9.78500000e-09  1.79999998e+00 
 9.79500000e-09  0.00000000e+00  9.79500000e-09  1.80000000e+00 
 9.80500000e-09  0.00000000e+00  9.80500000e-09  1.79999998e+00 
 9.81500000e-09  0.00000000e+00  9.81500000e-09  1.80000000e+00 
 9.82500000e-09  0.00000000e+00  9.82500000e-09  1.79999998e+00 
 9.83500000e-09  0.00000000e+00  9.83500000e-09  1.80000000e+00 
 9.84500000e-09  0.00000000e+00  9.84500000e-09  1.79999998e+00 
 9.85500000e-09  0.00000000e+00  9.85500000e-09  1.80000000e+00 
 9.86500000e-09  0.00000000e+00  9.86500000e-09  1.79999998e+00 
 9.87500000e-09  0.00000000e+00  9.87500000e-09  1.80000000e+00 
 9.88500000e-09  0.00000000e+00  9.88500000e-09  1.79999998e+00 
 9.89500000e-09  0.00000000e+00  9.89500000e-09  1.80000000e+00 
 9.90500000e-09  0.00000000e+00  9.90500000e-09  1.79999998e+00 
 9.91500000e-09  0.00000000e+00  9.91500000e-09  1.80000000e+00 
 9.92500000e-09  0.00000000e+00  9.92500000e-09  1.79999998e+00 
 9.93500000e-09  0.00000000e+00  9.93500000e-09  1.80000000e+00 
 9.94500000e-09  0.00000000e+00  9.94500000e-09  1.79999998e+00 
 9.95500000e-09  0.00000000e+00  9.95500000e-09  1.80000000e+00 
 9.96500000e-09  0.00000000e+00  9.96500000e-09  1.79999998e+00 
 9.97500000e-09  0.00000000e+00  9.97500000e-09  1.80000000e+00 
 9.98500000e-09  0.00000000e+00  9.98500000e-09  1.79999998e+00 
 9.99500000e-09  0.00000000e+00  9.99500000e-09  1.80000000e+00 
 1.00000000e-08  0.00000000e+00  1.00000000e-08  1.79999998e+00 
 1.00010000e-08  3.60000000e-03  1.00010000e-08  1.80018764e+00 
 1.00030000e-08  1.08000000e-02  1.00030000e-08  1.80067470e+00 
 1.00070000e-08  2.52000000e-02  1.00070000e-08  1.80195607e+00 
 1.00150000e-08  5.40000000e-02  1.00150000e-08  1.80414301e+00 
 1.00250000e-08  9.00000000e-02  1.00250000e-08  1.80580422e+00 
 1.00350000e-08  1.26000000e-01  1.00350000e-08  1.80677555e+00 
 1.00450000e-08  1.62000000e-01  1.00450000e-08  1.80740065e+00 
 1.00550000e-08  1.98000000e-01  1.00550000e-08  1.80786278e+00 
 1.00650000e-08  2.34000000e-01  1.00650000e-08  1.80824192e+00 
 1.00750000e-08  2.70000000e-01  1.00750000e-08  1.80859243e+00 
 1.00850000e-08  3.06000000e-01  1.00850000e-08  1.80894042e+00 
 1.00950000e-08  3.42000000e-01  1.00950000e-08  1.80930871e+00 
 1.01050000e-08  3.78000000e-01  1.01050000e-08  1.80970447e+00 
 1.01150000e-08  4.14000000e-01  1.01150000e-08  1.81014056e+00 
 1.01250000e-08  4.50000000e-01  1.01250000e-08  1.81061923e+00 
 1.01350000e-08  4.86000000e-01  1.01350000e-08  1.81115020e+00 
 1.01450000e-08  5.22000000e-01  1.01450000e-08  1.81172874e+00 
 1.01550000e-08  5.58000000e-01  1.01550000e-08  1.81234855e+00 
 1.01650000e-08  5.94000000e-01  1.01650000e-08  1.81297594e+00 
 1.01750000e-08  6.30000000e-01  1.01750000e-08  1.81355842e+00 
 1.01850000e-08  6.66000000e-01  1.01850000e-08  1.81399140e+00 
 1.01950000e-08  7.02000000e-01  1.01950000e-08  1.81413828e+00 
 1.02050000e-08  7.38000000e-01  1.02050000e-08  1.81382164e+00 
 1.02150000e-08  7.74000000e-01  1.02150000e-08  1.81286265e+00 
 1.02250000e-08  8.10000000e-01  1.02250000e-08  1.81107799e+00 
 1.02350000e-08  8.46000000e-01  1.02350000e-08  1.80829988e+00 
 1.02450000e-08  8.82000000e-01  1.02450000e-08  1.80434708e+00 
 1.02550000e-08  9.18000000e-01  1.02550000e-08  1.79902063e+00 
 1.02650000e-08  9.54000000e-01  1.02650000e-08  1.79206878e+00 
 1.02750000e-08  9.90000000e-01  1.02750000e-08  1.78344598e+00 
 1.02850000e-08  1.02600000e+00  1.02850000e-08  1.77295957e+00 
 1.02950000e-08  1.06200000e+00  1.02950000e-08  1.76004585e+00 
 1.03050000e-08  1.09800000e+00  1.03050000e-08  1.74416628e+00 
 1.03150000e-08  1.13400000e+00  1.03150000e-08  1.72486551e+00 
 1.03250000e-08  1.17000000e+00  1.03250000e-08  1.70201398e+00 
 1.03350000e-08  1.20600000e+00  1.03350000e-08  1.67584433e+00 
 1.03450000e-08  1.24200000e+00  1.03450000e-08  1.64657064e+00 
 1.03550000e-08  1.27800000e+00  1.03550000e-08  1.61427618e+00 
 1.03650000e-08  1.31400000e+00  1.03650000e-08  1.57895818e+00 
 1.03750000e-08  1.35000000e+00  1.03750000e-08  1.54057372e+00 
 1.03850000e-08  1.38600000e+00  1.03850000e-08  1.49904604e+00 
 1.03950000e-08  1.42200000e+00  1.03950000e-08  1.45426900e+00 
 1.04050000e-08  1.45800000e+00  1.04050000e-08  1.40608973e+00 
 1.04150000e-08  1.49400000e+00  1.04150000e-08  1.35428840e+00 
 1.04250000e-08  1.53000000e+00  1.04250000e-08  1.29852815e+00 
 1.04350000e-08  1.56600000e+00  1.04350000e-08  1.23824849e+00 
 1.04450000e-08  1.60200000e+00  1.04450000e-08  1.17245589e+00 
 1.04550000e-08  1.63800000e+00  1.04550000e-08  1.09910234e+00 
 1.04650000e-08  1.67400000e+00  1.04650000e-08  1.01303257e+00 
 1.04750000e-08  1.71000000e+00  1.04750000e-08  8.99721993e-01 
 1.04850000e-08  1.74600000e+00  1.04850000e-08  7.43449653e-01 
 1.04950000e-08  1.78200000e+00  1.04950000e-08  5.62956263e-01 
 1.05000000e-08  1.80000000e+00  1.05000000e-08  4.76209842e-01 
 1.05010000e-08  1.80000000e+00  1.05010000e-08  4.59917952e-01 
 1.05030000e-08  1.80000000e+00  1.05030000e-08  4.28175659e-01 
 1.05070000e-08  1.80000000e+00  1.05070000e-08  3.69803689e-01 
 1.05150000e-08  1.80000000e+00  1.05150000e-08  2.73034522e-01 
 1.05250000e-08  1.80000000e+00  1.05250000e-08  1.85486887e-01 
 1.05350000e-08  1.80000000e+00  1.05350000e-08  1.27291947e-01 
 1.05450000e-08  1.80000000e+00  1.05450000e-08  8.95915805e-02 
 1.05550000e-08  1.80000000e+00  1.05550000e-08  6.52724274e-02 
 1.05650000e-08  1.80000000e+00  1.05650000e-08  4.93865252e-02 
 1.05750000e-08  1.80000000e+00  1.05750000e-08  3.87641872e-02 
 1.05850000e-08  1.80000000e+00  1.05850000e-08  3.14410454e-02 
 1.05950000e-08  1.80000000e+00  1.05950000e-08  2.62362183e-02 
 1.06050000e-08  1.80000000e+00  1.06050000e-08  2.24027124e-02 
 1.06150000e-08  1.80000000e+00  1.06150000e-08  1.94965111e-02 
 1.06250000e-08  1.80000000e+00  1.06250000e-08  1.72239843e-02 
 1.06350000e-08  1.80000000e+00  1.06350000e-08  1.54101926e-02 
 1.06450000e-08  1.80000000e+00  1.06450000e-08  1.39255865e-02 
 1.06550000e-08  1.80000000e+00  1.06550000e-08  1.26953675e-02 
 1.06650000e-08  1.80000000e+00  1.06650000e-08  1.16542256e-02 
 1.06750000e-08  1.80000000e+00  1.06750000e-08  1.07680022e-02 
 1.06850000e-08  1.80000000e+00  1.06850000e-08  9.99923507e-03 
 1.06950000e-08  1.80000000e+00  1.06950000e-08  9.33192027e-03 
 1.07050000e-08  1.80000000e+00  1.07050000e-08  8.74200865e-03 
 1.07150000e-08  1.80000000e+00  1.07150000e-08  8.22236396e-03 
 1.07250000e-08  1.80000000e+00  1.07250000e-08  7.75605079e-03 
 1.07350000e-08  1.80000000e+00  1.07350000e-08  7.34059804e-03 
 1.07450000e-08  1.80000000e+00  1.07450000e-08  6.96316622e-03 
 1.07550000e-08  1.80000000e+00  1.07550000e-08  6.62388336e-03 
 1.07650000e-08  1.80000000e+00  1.07650000e-08  6.31243505e-03 
 1.07750000e-08  1.80000000e+00  1.07750000e-08  6.03045951e-03 
 1.07850000e-08  1.80000000e+00  1.07850000e-08  5.76929012e-03 
 1.07950000e-08  1.80000000e+00  1.07950000e-08  5.53146812e-03 
 1.08050000e-08  1.80000000e+00  1.08050000e-08  5.30945485e-03 
 1.08150000e-08  1.80000000e+00  1.08150000e-08  5.10634052e-03 
 1.08250000e-08  1.80000000e+00  1.08250000e-08  4.91539084e-03 
 1.08350000e-08  1.80000000e+00  1.08350000e-08  4.74003092e-03 
 1.08450000e-08  1.80000000e+00  1.08450000e-08  4.57412066e-03 
 1.08550000e-08  1.80000000e+00  1.08550000e-08  4.42128695e-03 
 1.08650000e-08  1.80000000e+00  1.08650000e-08  4.27584228e-03 
 1.08750000e-08  1.80000000e+00  1.08750000e-08  4.14153062e-03 
 1.08850000e-08  1.80000000e+00  1.08850000e-08  4.01301861e-03 
 1.08950000e-08  1.80000000e+00  1.08950000e-08  3.89411238e-03 
 1.09050000e-08  1.80000000e+00  1.09050000e-08  3.77976246e-03 
 1.09150000e-08  1.80000000e+00  1.09150000e-08  3.67380100e-03 
 1.09250000e-08  1.80000000e+00  1.09250000e-08  3.57141097e-03 
 1.09350000e-08  1.80000000e+00  1.09350000e-08  3.47642662e-03 
 1.09450000e-08  1.80000000e+00  1.09450000e-08  3.38422489e-03 
 1.09550000e-08  1.80000000e+00  1.09550000e-08  3.29862611e-03 
 1.09650000e-08  1.80000000e+00  1.09650000e-08  3.21517197e-03 
 1.09750000e-08  1.80000000e+00  1.09750000e-08  3.13765808e-03 
 1.09850000e-08  1.80000000e+00  1.09850000e-08  3.06176834e-03 
 1.09950000e-08  1.80000000e+00  1.09950000e-08  2.99126637e-03 
 1.10050000e-08  1.80000000e+00  1.10050000e-08  2.92196060e-03 
 1.10150000e-08  1.80000000e+00  1.10150000e-08  2.85757782e-03 
 1.10250000e-08  1.80000000e+00  1.10250000e-08  2.79403697e-03 
 1.10350000e-08  1.80000000e+00  1.10350000e-08  2.73502477e-03 
 1.10450000e-08  1.80000000e+00  1.10450000e-08  2.67655945e-03 
 1.10550000e-08  1.80000000e+00  1.10550000e-08  2.62228553e-03 
 1.10650000e-08  1.80000000e+00  1.10650000e-08  2.56831147e-03 
 1.10750000e-08  1.80000000e+00  1.10750000e-08  2.51823823e-03 
 1.10850000e-08  1.80000000e+00  1.10850000e-08  2.46825710e-03 
 1.10950000e-08  1.80000000e+00  1.10950000e-08  2.42192462e-03 
 1.11050000e-08  1.80000000e+00  1.11050000e-08  2.37550885e-03 
 1.11150000e-08  1.80000000e+00  1.11150000e-08  2.33252141e-03 
 1.11250000e-08  1.80000000e+00  1.11250000e-08  2.28930213e-03 
 1.11350000e-08  1.80000000e+00  1.11350000e-08  2.24931747e-03 
 1.11450000e-08  1.80000000e+00  1.11450000e-08  2.20897484e-03 
 1.11550000e-08  1.80000000e+00  1.11550000e-08  2.17169543e-03 
 1.11650000e-08  1.80000000e+00  1.11650000e-08  2.13395077e-03 
 1.11750000e-08  1.80000000e+00  1.11750000e-08  2.09911680e-03 
 1.11850000e-08  1.80000000e+00  1.11850000e-08  2.06372619e-03 
 1.11950000e-08  1.80000000e+00  1.11950000e-08  2.03110978e-03 
 1.12050000e-08  1.80000000e+00  1.12050000e-08  1.99785889e-03 
 1.12150000e-08  1.80000000e+00  1.12150000e-08  1.96725935e-03 
 1.12250000e-08  1.80000000e+00  1.12250000e-08  1.93595903e-03 
 1.12350000e-08  1.80000000e+00  1.12350000e-08  1.90719898e-03 
 1.12450000e-08  1.80000000e+00  1.12450000e-08  1.87768173e-03 
 1.12550000e-08  1.80000000e+00  1.12550000e-08  1.85060375e-03 
 1.12650000e-08  1.80000000e+00  1.12650000e-08  1.82272072e-03 
 1.12750000e-08  1.80000000e+00  1.12750000e-08  1.79718471e-03 
 1.12850000e-08  1.80000000e+00  1.12850000e-08  1.77080314e-03 
 1.12950000e-08  1.80000000e+00  1.12950000e-08  1.74668397e-03 
 1.13050000e-08  1.80000000e+00  1.13050000e-08  1.72168512e-03 
 1.13150000e-08  1.80000000e+00  1.13150000e-08  1.69887070e-03 
 1.13250000e-08  1.80000000e+00  1.13250000e-08  1.67514806e-03 
 1.13350000e-08  1.80000000e+00  1.13350000e-08  1.65353768e-03 
 1.13450000e-08  1.80000000e+00  1.13450000e-08  1.63099540e-03 
 1.13550000e-08  1.80000000e+00  1.13550000e-08  1.61049836e-03 
 1.13650000e-08  1.80000000e+00  1.13650000e-08  1.58904997e-03 
 1.13750000e-08  1.80000000e+00  1.13750000e-08  1.56958434e-03 
 1.13850000e-08  1.80000000e+00  1.13850000e-08  1.54915166e-03 
 1.13950000e-08  1.80000000e+00  1.13950000e-08  1.53064326e-03 
 1.14050000e-08  1.80000000e+00  1.14050000e-08  1.51115538e-03 
 1.14150000e-08  1.80000000e+00  1.14150000e-08  1.49353690e-03 
 1.14250000e-08  1.80000000e+00  1.14250000e-08  1.47492941e-03 
 1.14350000e-08  1.80000000e+00  1.14350000e-08  1.45813962e-03 
 1.14450000e-08  1.80000000e+00  1.14450000e-08  1.44035383e-03 
 1.14550000e-08  1.80000000e+00  1.14550000e-08  1.42433693e-03 
 1.14650000e-08  1.80000000e+00  1.14650000e-08  1.40731929e-03 
 1.14750000e-08  1.80000000e+00  1.14750000e-08  1.39202430e-03 
 1.14850000e-08  1.80000000e+00  1.14850000e-08  1.37572584e-03 
 1.14950000e-08  1.80000000e+00  1.14950000e-08  1.36110612e-03 
 1.15050000e-08  1.80000000e+00  1.15050000e-08  1.34548195e-03 
 1.15150000e-08  1.80000000e+00  1.15150000e-08  1.33149474e-03 
 1.15250000e-08  1.80000000e+00  1.15250000e-08  1.31650365e-03 
 1.15350000e-08  1.80000000e+00  1.15350000e-08  1.30310967e-03 
 1.15450000e-08  1.80000000e+00  1.15450000e-08  1.28871377e-03 
 1.15550000e-08  1.80000000e+00  1.15550000e-08  1.27587689e-03 
 1.15650000e-08  1.80000000e+00  1.15650000e-08  1.26204127e-03 
 1.15750000e-08  1.80000000e+00  1.15750000e-08  1.24972819e-03 
 1.15850000e-08  1.80000000e+00  1.15850000e-08  1.23642063e-03 
 1.15950000e-08  1.80000000e+00  1.15950000e-08  1.22460060e-03 
 1.16050000e-08  1.80000000e+00  1.16050000e-08  1.21179132e-03 
 1.16150000e-08  1.80000000e+00  1.16150000e-08  1.20043594e-03 
 1.16250000e-08  1.80000000e+00  1.16250000e-08  1.18809737e-03 
 1.16350000e-08  1.80000000e+00  1.16350000e-08  1.17718033e-03 
 1.16450000e-08  1.80000000e+00  1.16450000e-08  1.16528692e-03 
 1.16550000e-08  1.80000000e+00  1.16550000e-08  1.15478384e-03 
 1.16650000e-08  1.80000000e+00  1.16650000e-08  1.14331186e-03 
 1.16750000e-08  1.80000000e+00  1.16750000e-08  1.13320011e-03 
 1.16850000e-08  1.80000000e+00  1.16850000e-08  1.12212749e-03 
 1.16950000e-08  1.80000000e+00  1.16950000e-08  1.11238602e-03 
 1.17050000e-08  1.80000000e+00  1.17050000e-08  1.10169225e-03 
 1.17150000e-08  1.80000000e+00  1.17150000e-08  1.09230148e-03 
 1.17250000e-08  1.80000000e+00  1.17250000e-08  1.08196740e-03 
 1.17350000e-08  1.80000000e+00  1.17350000e-08  1.07290910e-03 
 1.17450000e-08  1.80000000e+00  1.17450000e-08  1.06291685e-03 
 1.17550000e-08  1.80000000e+00  1.17550000e-08  1.05417398e-03 
 1.17650000e-08  1.80000000e+00  1.17650000e-08  1.04450687e-03 
 1.17750000e-08  1.80000000e+00  1.17750000e-08  1.03606355e-03 
 1.17850000e-08  1.80000000e+00  1.17850000e-08  1.02670597e-03 
 1.17950000e-08  1.80000000e+00  1.17950000e-08  1.01854733e-03 
 1.18050000e-08  1.80000000e+00  1.18050000e-08  1.00948465e-03 
 1.18150000e-08  1.80000000e+00  1.18150000e-08  1.00159678e-03 
 1.18250000e-08  1.80000000e+00  1.18250000e-08  9.92815293e-04 
 1.18350000e-08  1.80000000e+00  1.18350000e-08  9.85185170e-04 
 1.18450000e-08  1.80000000e+00  1.18450000e-08  9.76672008e-04 
 1.18550000e-08  1.80000000e+00  1.18550000e-08  9.69287404e-04 
 1.18650000e-08  1.80000000e+00  1.18650000e-08  9.61030481e-04 
 1.18750000e-08  1.80000000e+00  1.18750000e-08  9.53879925e-04 
 1.18850000e-08  1.80000000e+00  1.18850000e-08  9.45867872e-04 
 1.18950000e-08  1.80000000e+00  1.18950000e-08  9.38940585e-04 
 1.19050000e-08  1.80000000e+00  1.19050000e-08  9.31162701e-04 
 1.19150000e-08  1.80000000e+00  1.19150000e-08  9.24448546e-04 
 1.19250000e-08  1.80000000e+00  1.19250000e-08  9.16894749e-04 
 1.19350000e-08  1.80000000e+00  1.19350000e-08  9.10384184e-04 
 1.19450000e-08  1.80000000e+00  1.19450000e-08  9.03044966e-04 
 1.19550000e-08  1.80000000e+00  1.19550000e-08  8.96729002e-04 
 1.19650000e-08  1.80000000e+00  1.19650000e-08  8.89595390e-04 
 1.19750000e-08  1.80000000e+00  1.19750000e-08  8.83465551e-04 
 1.19850000e-08  1.80000000e+00  1.19850000e-08  8.76529067e-04 
 1.19950000e-08  1.80000000e+00  1.19950000e-08  8.70577357e-04 
 1.20050000e-08  1.80000000e+00  1.20050000e-08  8.63829984e-04 
 1.20150000e-08  1.80000000e+00  1.20150000e-08  8.58048851e-04 
 1.20250000e-08  1.80000000e+00  1.20250000e-08  8.51483007e-04 
 1.20350000e-08  1.80000000e+00  1.20350000e-08  8.45865314e-04 
 1.20450000e-08  1.80000000e+00  1.20450000e-08  8.39473817e-04 
 1.20550000e-08  1.80000000e+00  1.20550000e-08  8.34012814e-04 
 1.20650000e-08  1.80000000e+00  1.20650000e-08  8.27788857e-04 
 1.20750000e-08  1.80000000e+00  1.20750000e-08  8.22478157e-04 
 1.20850000e-08  1.80000000e+00  1.20850000e-08  8.16415285e-04 
 1.20950000e-08  1.80000000e+00  1.20950000e-08  8.11248838e-04 
 1.21050000e-08  1.80000000e+00  1.21050000e-08  8.05340926e-04 
 1.21150000e-08  1.80000000e+00  1.21150000e-08  8.00312997e-04 
 1.21250000e-08  1.80000000e+00  1.21250000e-08  7.94554226e-04 
 1.21350000e-08  1.80000000e+00  1.21350000e-08  7.89659379e-04 
 1.21450000e-08  1.80000000e+00  1.21450000e-08  7.84044221e-04 
 1.21550000e-08  1.80000000e+00  1.21550000e-08  7.79277295e-04 
 1.21650000e-08  1.80000000e+00  1.21650000e-08  7.73800490e-04 
 1.21750000e-08  1.80000000e+00  1.21750000e-08  7.69156585e-04 
 1.21850000e-08  1.80000000e+00  1.21850000e-08  7.63813129e-04 
 1.21950000e-08  1.80000000e+00  1.21950000e-08  7.59287590e-04 
 1.22050000e-08  1.80000000e+00  1.22050000e-08  7.54072719e-04 
 1.22150000e-08  1.80000000e+00  1.22150000e-08  7.49661118e-04 
 1.22250000e-08  1.80000000e+00  1.22250000e-08  7.44570291e-04 
 1.22350000e-08  1.80000000e+00  1.22350000e-08  7.40268419e-04 
 1.22450000e-08  1.80000000e+00  1.22450000e-08  7.35297308e-04 
 1.22550000e-08  1.80000000e+00  1.22550000e-08  7.31101155e-04 
 1.22650000e-08  1.80000000e+00  1.22650000e-08  7.26245630e-04 
 1.22750000e-08  1.80000000e+00  1.22750000e-08  7.22151380e-04 
 1.22850000e-08  1.80000000e+00  1.22850000e-08  7.17407501e-04 
 1.22950000e-08  1.80000000e+00  1.22950000e-08  7.13411516e-04 
 1.23050000e-08  1.80000000e+00  1.23050000e-08  7.08775518e-04 
 1.23150000e-08  1.80000000e+00  1.23150000e-08  7.04874330e-04 
 1.23250000e-08  1.80000000e+00  1.23250000e-08  7.00342617e-04 
 1.23350000e-08  1.80000000e+00  1.23350000e-08  6.96532918e-04 
 1.23450000e-08  1.80000000e+00  1.23450000e-08  6.92102051e-04 
 1.23550000e-08  1.80000000e+00  1.23550000e-08  6.88380684e-04 
 1.23650000e-08  1.80000000e+00  1.23650000e-08  6.84047373e-04 
 1.23750000e-08  1.80000000e+00  1.23750000e-08  6.80411322e-04 
 1.23850000e-08  1.80000000e+00  1.23850000e-08  6.76172421e-04 
 1.23950000e-08  1.80000000e+00  1.23950000e-08  6.72618807e-04 
 1.24050000e-08  1.80000000e+00  1.24050000e-08  6.68471300e-04 
 1.24150000e-08  1.80000000e+00  1.24150000e-08  6.64997369e-04 
 1.24250000e-08  1.80000000e+00  1.24250000e-08  6.60938370e-04 
 1.24350000e-08  1.80000000e+00  1.24350000e-08  6.57541489e-04 
 1.24450000e-08  1.80000000e+00  1.24450000e-08  6.53568231e-04 
 1.24550000e-08  1.80000000e+00  1.24550000e-08  6.50245881e-04 
 1.24650000e-08  1.80000000e+00  1.24650000e-08  6.46355710e-04 
 1.24750000e-08  1.80000000e+00  1.24750000e-08  6.43105480e-04 
 1.24850000e-08  1.80000000e+00  1.24850000e-08  6.39295851e-04 
 1.24950000e-08  1.80000000e+00  1.24950000e-08  6.36115433e-04 
 1.25050000e-08  1.80000000e+00  1.25050000e-08  6.32383903e-04 
 1.25150000e-08  1.80000000e+00  1.25150000e-08  6.29271086e-04 
 1.25250000e-08  1.80000000e+00  1.25250000e-08  6.25615309e-04 
 1.25350000e-08  1.80000000e+00  1.25350000e-08  6.22567971e-04 
 1.25450000e-08  1.80000000e+00  1.25450000e-08  6.18985695e-04 
 1.25550000e-08  1.80000000e+00  1.25550000e-08  6.16001806e-04 
 1.25650000e-08  1.80000000e+00  1.25650000e-08  6.12490866e-04 
 1.25750000e-08  1.80000000e+00  1.25750000e-08  6.09568475e-04 
 1.25850000e-08  1.80000000e+00  1.25850000e-08  6.06126789e-04 
 1.25950000e-08  1.80000000e+00  1.25950000e-08  6.03264025e-04 
 1.26050000e-08  1.80000000e+00  1.26050000e-08  5.99889593e-04 
 1.26150000e-08  1.80000000e+00  1.26150000e-08  5.97084661e-04 
 1.26250000e-08  1.80000000e+00  1.26250000e-08  5.93775557e-04 
 1.26350000e-08  1.80000000e+00  1.26350000e-08  5.91026732e-04 
 1.26450000e-08  1.80000000e+00  1.26450000e-08  5.87781103e-04 
 1.26550000e-08  1.80000000e+00  1.26550000e-08  5.85086728e-04 
 1.26650000e-08  1.80000000e+00  1.26650000e-08  5.81902790e-04 
 1.26750000e-08  1.80000000e+00  1.26750000e-08  5.79261271e-04 
 1.26850000e-08  1.80000000e+00  1.26850000e-08  5.76137306e-04 
 1.26950000e-08  1.80000000e+00  1.26950000e-08  5.73547113e-04 
 1.27050000e-08  1.80000000e+00  1.27050000e-08  5.70481465e-04 
 1.27150000e-08  1.80000000e+00  1.27150000e-08  5.67941125e-04 
 1.27250000e-08  1.80000000e+00  1.27250000e-08  5.64932198e-04 
 1.27350000e-08  1.80000000e+00  1.27350000e-08  5.62440295e-04 
 1.27450000e-08  1.80000000e+00  1.27450000e-08  5.59486551e-04 
 1.27550000e-08  1.80000000e+00  1.27550000e-08  5.57041720e-04 
 1.27650000e-08  1.80000000e+00  1.27650000e-08  5.54141675e-04 
 1.27750000e-08  1.80000000e+00  1.27750000e-08  5.51742603e-04 
 1.27850000e-08  1.80000000e+00  1.27850000e-08  5.48894826e-04 
 1.27950000e-08  1.80000000e+00  1.27950000e-08  5.46540249e-04 
 1.28050000e-08  1.80000000e+00  1.28050000e-08  5.43743357e-04 
 1.28150000e-08  1.80000000e+00  1.28150000e-08  5.41432056e-04 
 1.28250000e-08  1.80000000e+00  1.28250000e-08  5.38684717e-04 
 1.28350000e-08  1.80000000e+00  1.28350000e-08  5.36415518e-04 
 1.28450000e-08  1.80000000e+00  1.28450000e-08  5.33716443e-04 
 1.28550000e-08  1.80000000e+00  1.28550000e-08  5.31488212e-04 
 1.28650000e-08  1.80000000e+00  1.28650000e-08  5.28836158e-04 
 1.28750000e-08  1.80000000e+00  1.28750000e-08  5.26647805e-04 
 1.28850000e-08  1.80000000e+00  1.28850000e-08  5.24041569e-04 
 1.28950000e-08  1.80000000e+00  1.28950000e-08  5.21892039e-04 
 1.29050000e-08  1.80000000e+00  1.29050000e-08  5.19330459e-04 
 1.29150000e-08  1.80000000e+00  1.29150000e-08  5.17218736e-04 
 1.29250000e-08  1.80000000e+00  1.29250000e-08  5.14700689e-04 
 1.29350000e-08  1.80000000e+00  1.29350000e-08  5.12625792e-04 
 1.29450000e-08  1.80000000e+00  1.29450000e-08  5.10150191e-04 
 1.29550000e-08  1.80000000e+00  1.29550000e-08  5.08111172e-04 
 1.29650000e-08  1.80000000e+00  1.29650000e-08  5.05676966e-04 
 1.29750000e-08  1.80000000e+00  1.29750000e-08  5.03672909e-04 
 1.29850000e-08  1.80000000e+00  1.29850000e-08  5.01279082e-04 
 1.29950000e-08  1.80000000e+00  1.29950000e-08  4.99309104e-04 
 1.30050000e-08  1.80000000e+00  1.30050000e-08  4.96954670e-04 
 1.30150000e-08  1.80000000e+00  1.30150000e-08  4.95017915e-04 
 1.30250000e-08  1.80000000e+00  1.30250000e-08  4.92701923e-04 
 1.30350000e-08  1.80000000e+00  1.30350000e-08  4.90797566e-04 
 1.30450000e-08  1.80000000e+00  1.30450000e-08  4.88519091e-04 
 1.30550000e-08  1.80000000e+00  1.30550000e-08  4.86646332e-04 
 1.30650000e-08  1.80000000e+00  1.30650000e-08  4.84404482e-04 
 1.30750000e-08  1.80000000e+00  1.30750000e-08  4.82562549e-04 
 1.30850000e-08  1.80000000e+00  1.30850000e-08  4.80356456e-04 
 1.30950000e-08  1.80000000e+00  1.30950000e-08  4.78544601e-04 
 1.31050000e-08  1.80000000e+00  1.31050000e-08  4.76373427e-04 
 1.31150000e-08  1.80000000e+00  1.31150000e-08  4.74590926e-04 
 1.31250000e-08  1.80000000e+00  1.31250000e-08  4.72453858e-04 
 1.31350000e-08  1.80000000e+00  1.31350000e-08  4.70700011e-04 
 1.31450000e-08  1.80000000e+00  1.31450000e-08  4.68596258e-04 
 1.31550000e-08  1.80000000e+00  1.31550000e-08  4.66870387e-04 
 1.31650000e-08  1.80000000e+00  1.31650000e-08  4.64799185e-04 
 1.31750000e-08  1.80000000e+00  1.31750000e-08  4.63100632e-04 
 1.31850000e-08  1.80000000e+00  1.31850000e-08  4.61061240e-04 
 1.31950000e-08  1.80000000e+00  1.31950000e-08  4.59389369e-04 
 1.32050000e-08  1.80000000e+00  1.32050000e-08  4.57381066e-04 
 1.32150000e-08  1.80000000e+00  1.32150000e-08  4.55735261e-04 
 1.32250000e-08  1.80000000e+00  1.32250000e-08  4.53757348e-04 
 1.32350000e-08  1.80000000e+00  1.32350000e-08  4.52137010e-04 
 1.32450000e-08  1.80000000e+00  1.32450000e-08  4.50188810e-04 
 1.32550000e-08  1.80000000e+00  1.32550000e-08  4.48593360e-04 
 1.32650000e-08  1.80000000e+00  1.32650000e-08  4.46674213e-04 
 1.32750000e-08  1.80000000e+00  1.32750000e-08  4.45103089e-04 
 1.32850000e-08  1.80000000e+00  1.32850000e-08  4.43212357e-04 
 1.32950000e-08  1.80000000e+00  1.32950000e-08  4.41665014e-04 
 1.33050000e-08  1.80000000e+00  1.33050000e-08  4.39802075e-04 
 1.33150000e-08  1.80000000e+00  1.33150000e-08  4.38277984e-04 
 1.33250000e-08  1.80000000e+00  1.33250000e-08  4.36442235e-04 
 1.33350000e-08  1.80000000e+00  1.33350000e-08  4.34940883e-04 
 1.33450000e-08  1.80000000e+00  1.33450000e-08  4.33131738e-04 
 1.33550000e-08  1.80000000e+00  1.33550000e-08  4.31652627e-04 
 1.33650000e-08  1.80000000e+00  1.33650000e-08  4.29869515e-04 
 1.33750000e-08  1.80000000e+00  1.33750000e-08  4.28412162e-04 
 1.33850000e-08  1.80000000e+00  1.33850000e-08  4.26654530e-04 
 1.33950000e-08  1.80000000e+00  1.33950000e-08  4.25218464e-04 
 1.34050000e-08  1.80000000e+00  1.34050000e-08  4.23485775e-04 
 1.34150000e-08  1.80000000e+00  1.34150000e-08  4.22070540e-04 
 1.34250000e-08  1.80000000e+00  1.34250000e-08  4.20362269e-04 
 1.34350000e-08  1.80000000e+00  1.34350000e-08  4.18967423e-04 
 1.34450000e-08  1.80000000e+00  1.34450000e-08  4.17283060e-04 
 1.34550000e-08  1.80000000e+00  1.34550000e-08  4.15908172e-04 
 1.34650000e-08  1.80000000e+00  1.34650000e-08  4.14247223e-04 
 1.34750000e-08  1.80000000e+00  1.34750000e-08  4.12891875e-04 
 1.34850000e-08  1.80000000e+00  1.34850000e-08  4.11253858e-04 
 1.34950000e-08  1.80000000e+00  1.34950000e-08  4.09917642e-04 
 1.35050000e-08  1.80000000e+00  1.35050000e-08  4.08302087e-04 
 1.35150000e-08  1.80000000e+00  1.35150000e-08  4.06984609e-04 
 1.35250000e-08  1.80000000e+00  1.35250000e-08  4.05391060e-04 
 1.35350000e-08  1.80000000e+00  1.35350000e-08  4.04091935e-04 
 1.35450000e-08  1.80000000e+00  1.35450000e-08  4.02519947e-04 
 1.35550000e-08  1.80000000e+00  1.35550000e-08  4.01238801e-04 
 1.35650000e-08  1.80000000e+00  1.35650000e-08  3.99687943e-04 
 1.35750000e-08  1.80000000e+00  1.35750000e-08  3.98424411e-04 
 1.35850000e-08  1.80000000e+00  1.35850000e-08  3.96894260e-04 
 1.35950000e-08  1.80000000e+00  1.35950000e-08  3.95647990e-04 
 1.36050000e-08  1.80000000e+00  1.36050000e-08  3.94138136e-04 
 1.36150000e-08  1.80000000e+00  1.36150000e-08  3.92908782e-04 
 1.36250000e-08  1.80000000e+00  1.36250000e-08  3.91418826e-04 
 1.36350000e-08  1.80000000e+00  1.36350000e-08  3.90206052e-04 
 1.36450000e-08  1.80000000e+00  1.36450000e-08  3.88735604e-04 
 1.36550000e-08  1.80000000e+00  1.36550000e-08  3.87539085e-04 
 1.36650000e-08  1.80000000e+00  1.36650000e-08  3.86087765e-04 
 1.36750000e-08  1.80000000e+00  1.36750000e-08  3.84907182e-04 
 1.36850000e-08  1.80000000e+00  1.36850000e-08  3.83474621e-04 
 1.36950000e-08  1.80000000e+00  1.36950000e-08  3.82309665e-04 
 1.37050000e-08  1.80000000e+00  1.37050000e-08  3.80895502e-04 
 1.37150000e-08  1.80000000e+00  1.37150000e-08  3.79745870e-04 
 1.37250000e-08  1.80000000e+00  1.37250000e-08  3.78349755e-04 
 1.37350000e-08  1.80000000e+00  1.37350000e-08  3.77215154e-04 
 1.37450000e-08  1.80000000e+00  1.37450000e-08  3.75836742e-04 
 1.37550000e-08  1.80000000e+00  1.37550000e-08  3.74716885e-04 
 1.37650000e-08  1.80000000e+00  1.37650000e-08  3.73355843e-04 
 1.37750000e-08  1.80000000e+00  1.37750000e-08  3.72250452e-04 
 1.37850000e-08  1.80000000e+00  1.37850000e-08  3.70906454e-04 
 1.37950000e-08  1.80000000e+00  1.37950000e-08  3.69815256e-04 
 1.38050000e-08  1.80000000e+00  1.38050000e-08  3.68487984e-04 
 1.38150000e-08  1.80000000e+00  1.38150000e-08  3.67410714e-04 
 1.38250000e-08  1.80000000e+00  1.38250000e-08  3.66099858e-04 
 1.38350000e-08  1.80000000e+00  1.38350000e-08  3.65036257e-04 
 1.38450000e-08  1.80000000e+00  1.38450000e-08  3.63741514e-04 
 1.38550000e-08  1.80000000e+00  1.38550000e-08  3.62691330e-04 
 1.38650000e-08  1.80000000e+00  1.38650000e-08  3.61412404e-04 
 1.38750000e-08  1.80000000e+00  1.38750000e-08  3.60375391e-04 
 1.38850000e-08  1.80000000e+00  1.38850000e-08  3.59111995e-04 
 1.38950000e-08  1.80000000e+00  1.38950000e-08  3.58087912e-04 
 1.39050000e-08  1.80000000e+00  1.39050000e-08  3.56839764e-04 
 1.39150000e-08  1.80000000e+00  1.39150000e-08  3.55828378e-04 
 1.39250000e-08  1.80000000e+00  1.39250000e-08  3.54595203e-04 
 1.39350000e-08  1.80000000e+00  1.39350000e-08  3.53596285e-04 
 1.39450000e-08  1.80000000e+00  1.39450000e-08  3.52377815e-04 
 1.39550000e-08  1.80000000e+00  1.39550000e-08  3.51391142e-04 
 1.39650000e-08  1.80000000e+00  1.39650000e-08  3.50187115e-04 
 1.39750000e-08  1.80000000e+00  1.39750000e-08  3.49212469e-04 
 1.39850000e-08  1.80000000e+00  1.39850000e-08  3.48022629e-04 
 1.39950000e-08  1.80000000e+00  1.39950000e-08  3.47059796e-04 
 1.40050000e-08  1.80000000e+00  1.40050000e-08  3.45883894e-04 
 1.40150000e-08  1.80000000e+00  1.40150000e-08  3.44932668e-04 
 1.40250000e-08  1.80000000e+00  1.40250000e-08  3.43770459e-04 
 1.40350000e-08  1.80000000e+00  1.40350000e-08  3.42830637e-04 
 1.40450000e-08  1.80000000e+00  1.40450000e-08  3.41681881e-04 
 1.40550000e-08  1.80000000e+00  1.40550000e-08  3.40753265e-04 
 1.40650000e-08  1.80000000e+00  1.40650000e-08  3.39617731e-04 
 1.40750000e-08  1.80000000e+00  1.40750000e-08  3.38700127e-04 
 1.40850000e-08  1.80000000e+00  1.40850000e-08  3.37577587e-04 
 1.40950000e-08  1.80000000e+00  1.40950000e-08  3.36670806e-04 
 1.41050000e-08  1.80000000e+00  1.41050000e-08  3.35561036e-04 
 1.41150000e-08  1.80000000e+00  1.41150000e-08  3.34664893e-04 
 1.41250000e-08  1.80000000e+00  1.41250000e-08  3.33567677e-04 
 1.41350000e-08  1.80000000e+00  1.41350000e-08  3.32681992e-04 
 1.41450000e-08  1.80000000e+00  1.41450000e-08  3.31597116e-04 
 1.41550000e-08  1.80000000e+00  1.41550000e-08  3.30721712e-04 
 1.41650000e-08  1.80000000e+00  1.41650000e-08  3.29648968e-04 
 1.41750000e-08  1.80000000e+00  1.41750000e-08  3.28783673e-04 
 1.41850000e-08  1.80000000e+00  1.41850000e-08  3.27722858e-04 
 1.41950000e-08  1.80000000e+00  1.41950000e-08  3.26867503e-04 
 1.42050000e-08  1.80000000e+00  1.42050000e-08  3.25818417e-04 
 1.42150000e-08  1.80000000e+00  1.42150000e-08  3.24972837e-04 
 1.42250000e-08  1.80000000e+00  1.42250000e-08  3.23935287e-04 
 1.42350000e-08  1.80000000e+00  1.42350000e-08  3.23099320e-04 
 1.42450000e-08  1.80000000e+00  1.42450000e-08  3.22073115e-04 
 1.42550000e-08  1.80000000e+00  1.42550000e-08  3.21246604e-04 
 1.42650000e-08  1.80000000e+00  1.42650000e-08  3.20231557e-04 
 1.42750000e-08  1.80000000e+00  1.42750000e-08  3.19414347e-04 
 1.42850000e-08  1.80000000e+00  1.42850000e-08  3.18410277e-04 
 1.42950000e-08  1.80000000e+00  1.42950000e-08  3.17602218e-04 
 1.43050000e-08  1.80000000e+00  1.43050000e-08  3.16608945e-04 
 1.43150000e-08  1.80000000e+00  1.43150000e-08  3.15809889e-04 
 1.43250000e-08  1.80000000e+00  1.43250000e-08  3.14827239e-04 
 1.43350000e-08  1.80000000e+00  1.43350000e-08  3.14037041e-04 
 1.43450000e-08  1.80000000e+00  1.43450000e-08  3.13064843e-04 
 1.43550000e-08  1.80000000e+00  1.43550000e-08  3.12283362e-04 
 1.43650000e-08  1.80000000e+00  1.43650000e-08  3.11321449e-04 
 1.43750000e-08  1.80000000e+00  1.43750000e-08  3.10548546e-04 
 1.43850000e-08  1.80000000e+00  1.43850000e-08  3.09596755e-04 
 1.43950000e-08  1.80000000e+00  1.43950000e-08  3.08832295e-04 
 1.44050000e-08  1.80000000e+00  1.44050000e-08  3.07890464e-04 
 1.44150000e-08  1.80000000e+00  1.44150000e-08  3.07134314e-04 
 1.44250000e-08  1.80000000e+00  1.44250000e-08  3.06202287e-04 
 1.44350000e-08  1.80000000e+00  1.44350000e-08  3.05454317e-04 
 1.44450000e-08  1.80000000e+00  1.44450000e-08  3.04531941e-04 
 1.44550000e-08  1.80000000e+00  1.44550000e-08  3.03792023e-04 
 1.44650000e-08  1.80000000e+00  1.44650000e-08  3.02879147e-04 
 1.44750000e-08  1.80000000e+00  1.44750000e-08  3.02147156e-04 
 1.44850000e-08  1.80000000e+00  1.44850000e-08  3.01243632e-04 
 1.44950000e-08  1.80000000e+00  1.44950000e-08  3.00519448e-04 
 1.45050000e-08  1.80000000e+00  1.45050000e-08  2.99625132e-04 
 1.45150000e-08  1.80000000e+00  1.45150000e-08  2.98908634e-04 
 1.45250000e-08  1.80000000e+00  1.45250000e-08  2.98023384e-04 
 1.45350000e-08  1.80000000e+00  1.45350000e-08  2.97314455e-04 
 1.45450000e-08  1.80000000e+00  1.45450000e-08  2.96438133e-04 
 1.45550000e-08  1.80000000e+00  1.45550000e-08  2.95736658e-04 
 1.45650000e-08  1.80000000e+00  1.45650000e-08  2.94869128e-04 
 1.45750000e-08  1.80000000e+00  1.45750000e-08  2.94174995e-04 
 1.45850000e-08  1.80000000e+00  1.45850000e-08  2.93316123e-04 
 1.45950000e-08  1.80000000e+00  1.45950000e-08  2.92629221e-04 
 1.46050000e-08  1.80000000e+00  1.46050000e-08  2.91778878e-04 
 1.46150000e-08  1.80000000e+00  1.46150000e-08  2.91099099e-04 
 1.46250000e-08  1.80000000e+00  1.46250000e-08  2.90257156e-04 
 1.46350000e-08  1.80000000e+00  1.46350000e-08  2.89584395e-04 
 1.46450000e-08  1.80000000e+00  1.46450000e-08  2.88750727e-04 
 1.46550000e-08  1.80000000e+00  1.46550000e-08  2.88084879e-04 
 1.46650000e-08  1.80000000e+00  1.46650000e-08  2.87259363e-04 
 1.46750000e-08  1.80000000e+00  1.46750000e-08  2.86600327e-04 
 1.46850000e-08  1.80000000e+00  1.46850000e-08  2.85782843e-04 
 1.46950000e-08  1.80000000e+00  1.46950000e-08  2.85130518e-04 
 1.47050000e-08  1.80000000e+00  1.47050000e-08  2.84320947e-04 
 1.47150000e-08  1.80000000e+00  1.47150000e-08  2.83675237e-04 
 1.47250000e-08  1.80000000e+00  1.47250000e-08  2.82873463e-04 
 1.47350000e-08  1.80000000e+00  1.47350000e-08  2.82234270e-04 
 1.47450000e-08  1.80000000e+00  1.47450000e-08  2.81440181e-04 
 1.47550000e-08  1.80000000e+00  1.47550000e-08  2.80807412e-04 
 1.47650000e-08  1.80000000e+00  1.47650000e-08  2.80020895e-04 
 1.47750000e-08  1.80000000e+00  1.47750000e-08  2.79394457e-04 
 1.47850000e-08  1.80000000e+00  1.47850000e-08  2.78615404e-04 
 1.47950000e-08  1.80000000e+00  1.47950000e-08  2.77995206e-04 
 1.48050000e-08  1.80000000e+00  1.48050000e-08  2.77223509e-04 
 1.48150000e-08  1.80000000e+00  1.48150000e-08  2.76609463e-04 
 1.48250000e-08  1.80000000e+00  1.48250000e-08  2.75845017e-04 
 1.48350000e-08  1.80000000e+00  1.48350000e-08  2.75237035e-04 
 1.48450000e-08  1.80000000e+00  1.48450000e-08  2.74479737e-04 
 1.48550000e-08  1.80000000e+00  1.48550000e-08  2.73877734e-04 
 1.48650000e-08  1.80000000e+00  1.48650000e-08  2.73127482e-04 
 1.48750000e-08  1.80000000e+00  1.48750000e-08  2.72531374e-04 
 1.48850000e-08  1.80000000e+00  1.48850000e-08  2.71788068e-04 
 1.48950000e-08  1.80000000e+00  1.48950000e-08  2.71197773e-04 
 1.49050000e-08  1.80000000e+00  1.49050000e-08  2.70461317e-04 
 1.49150000e-08  1.80000000e+00  1.49150000e-08  2.69876753e-04 
 1.49250000e-08  1.80000000e+00  1.49250000e-08  2.69147051e-04 
 1.49350000e-08  1.80000000e+00  1.49350000e-08  2.68568138e-04 
 1.49450000e-08  1.80000000e+00  1.49450000e-08  2.67845096e-04 
 1.49550000e-08  1.80000000e+00  1.49550000e-08  2.67271758e-04 
 1.49650000e-08  1.80000000e+00  1.49650000e-08  2.66555283e-04 
 1.49750000e-08  1.80000000e+00  1.49750000e-08  2.65987442e-04 
 1.49850000e-08  1.80000000e+00  1.49850000e-08  2.65277445e-04 
 1.49950000e-08  1.80000000e+00  1.49950000e-08  2.64715026e-04 
 1.50000000e-08  1.80000000e+00  1.50000000e-08  2.64327015e-04 
