 0.00000000e+00  0.00000000e+00  0.00000000e+00  1.79999998e+00 
 1.00000000e-13  3.60000000e-04  1.00000000e-13  1.80001802e+00 
 2.00000000e-13  7.20000000e-04  2.00000000e-13  1.80003350e+00 
 4.00000000e-13  1.44000000e-03  4.00000000e-13  1.80006515e+00 
 8.00000000e-13  2.88000000e-03  8.00000000e-13  1.80013795e+00 
 1.60000000e-12  5.76000000e-03  1.60000000e-12  1.80031699e+00 
 3.20000000e-12  1.15200000e-02  3.20000000e-12  1.80076054e+00 
 6.40000000e-12  2.30400000e-02  6.40000000e-12  1.80177956e+00 
 1.28000000e-11  4.60800000e-02  1.28000000e-11  1.80371497e+00 
 2.28000000e-11  8.20800000e-02  2.28000000e-11  1.80597239e+00 
 3.28000000e-11  1.18080000e-01  3.28000000e-11  1.80746528e+00 
 4.28000000e-11  1.54080000e-01  4.28000000e-11  1.80854040e+00 
 5.28000000e-11  1.90080000e-01  5.28000000e-11  1.80931822e+00 
 6.28000000e-11  2.26080000e-01  6.28000000e-11  1.80992350e+00 
 7.28000000e-11  2.62080000e-01  7.28000000e-11  1.81043719e+00 
 8.28000000e-11  2.98080000e-01  8.28000000e-11  1.81090942e+00 
 9.28000000e-11  3.34080000e-01  9.28000000e-11  1.81137288e+00 
 1.02800000e-10  3.70080000e-01  1.02800000e-10  1.81184993e+00 
 1.12800000e-10  4.06080000e-01  1.12800000e-10  1.81235646e+00 
 1.22800000e-10  4.42080000e-01  1.22800000e-10  1.81290382e+00 
 1.32800000e-10  4.78080000e-01  1.32800000e-10  1.81349805e+00 
 1.42800000e-10  5.14080000e-01  1.42800000e-10  1.81413592e+00 
 1.52800000e-10  5.50080000e-01  1.52800000e-10  1.81479461e+00 
 1.62800000e-10  5.86080000e-01  1.62800000e-10  1.81541131e+00 
 1.72800000e-10  6.22080000e-01  1.72800000e-10  1.81584926e+00 
 1.82800000e-10  6.58080000e-01  1.82800000e-10  1.81590726e+00 
 1.92800000e-10  6.94080000e-01  1.92800000e-10  1.81520412e+00 
 2.02800000e-10  7.30080000e-01  2.02800000e-10  1.81319222e+00 
 2.12800000e-10  7.66080000e-01  2.12800000e-10  1.80925848e+00 
 2.22800000e-10  8.02080000e-01  2.22800000e-10  1.80276524e+00 
 2.32800000e-10  8.38080000e-01  2.32800000e-10  1.79311644e+00 
 2.42800000e-10  8.74080000e-01  2.42800000e-10  1.77980158e+00 
 2.52800000e-10  9.10080000e-01  2.52800000e-10  1.76250727e+00 
 2.62800000e-10  9.46080000e-01  2.62800000e-10  1.74050402e+00 
 2.72800000e-10  9.82080000e-01  2.72800000e-10  1.71267168e+00 
 2.82800000e-10  1.01808000e+00  2.82800000e-10  1.67763431e+00 
 2.92800000e-10  1.05408000e+00  2.92800000e-10  1.63376071e+00 
 3.02800000e-10  1.09008000e+00  3.02800000e-10  1.58032821e+00 
 3.12800000e-10  1.12608000e+00  3.12800000e-10  1.51758228e+00 
 3.22800000e-10  1.16208000e+00  3.22800000e-10  1.44561834e+00 
 3.32800000e-10  1.19808000e+00  3.32800000e-10  1.36403239e+00 
 3.42800000e-10  1.23408000e+00  3.42800000e-10  1.27188543e+00 
 3.52800000e-10  1.27008000e+00  3.52800000e-10  1.16715765e+00 
 3.62800000e-10  1.30608000e+00  3.62800000e-10  1.04465999e+00 
 3.72800000e-10  1.34208000e+00  3.72800000e-10  8.89287351e-01 
 3.82800000e-10  1.37808000e+00  3.82800000e-10  6.86062728e-01 
 3.92800000e-10  1.41408000e+00  3.92800000e-10  4.53898057e-01 
 4.02800000e-10  1.45008000e+00  4.02800000e-10  2.61357371e-01 
 4.12800000e-10  1.48608000e+00  4.12800000e-10  1.44034412e-01 
 4.22800000e-10  1.52208000e+00  4.22800000e-10  8.17613340e-02 
 4.32800000e-10  1.55808000e+00  4.32800000e-10  4.98821181e-02 
 4.42800000e-10  1.59408000e+00  4.42800000e-10  3.38628092e-02 
 4.52800000e-10  1.63008000e+00  4.52800000e-10  2.53393220e-02 
 4.62800000e-10  1.66608000e+00  4.62800000e-10  2.05543390e-02 
 4.72800000e-10  1.70208000e+00  4.72800000e-10  1.75907290e-02 
 4.82800000e-10  1.73808000e+00  4.82800000e-10  1.56427277e-02 
 4.92800000e-10  1.77408000e+00  4.92800000e-10  1.42428406e-02 
 5.00000000e-10  1.80000000e+00  5.00000000e-10  1.34723746e-02 
 5.01000000e-10  1.80000000e+00  5.01000000e-10  1.28829528e-02 
 5.03000000e-10  1.80000000e+00  5.03000000e-10  1.17669668e-02 
 5.07000000e-10  1.80000000e+00  5.07000000e-10  9.90816542e-03 
 5.15000000e-10  1.80000000e+00  5.15000000e-10  7.47040953e-03 
 5.25000000e-10  1.80000000e+00  5.25000000e-10  5.84246199e-03 
 5.35000000e-10  1.80000000e+00  5.35000000e-10  4.94046796e-03 
 5.45000000e-10  1.80000000e+00  5.45000000e-10  4.35629220e-03 
 5.55000000e-10  1.80000000e+00  5.55000000e-10  3.92601643e-03 
 5.65000000e-10  1.80000000e+00  5.65000000e-10  3.58469388e-03 
 5.75000000e-10  1.80000000e+00  5.75000000e-10  3.30081189e-03 
 5.85000000e-10  1.80000000e+00  5.85000000e-10  3.05917497e-03 
 5.95000000e-10  1.80000000e+00  5.95000000e-10  2.84972030e-03 
 6.05000000e-10  1.80000000e+00  6.05000000e-10  2.66647124e-03 
 6.15000000e-10  1.80000000e+00  6.15000000e-10  2.50443302e-03 
 6.25000000e-10  1.80000000e+00  6.25000000e-10  2.36040226e-03 
 6.35000000e-10  1.80000000e+00  6.35000000e-10  2.23130004e-03 
 6.45000000e-10  1.80000000e+00  6.45000000e-10  2.11520720e-03 
 6.55000000e-10  1.80000000e+00  6.55000000e-10  2.01002478e-03 
 6.65000000e-10  1.80000000e+00  6.65000000e-10  1.91456498e-03 
 6.75000000e-10  1.80000000e+00  6.75000000e-10  1.82730298e-03 
 6.85000000e-10  1.80000000e+00  6.85000000e-10  1.74750471e-03 
 6.95000000e-10  1.80000000e+00  6.95000000e-10  1.67400497e-03 
 7.05000000e-10  1.80000000e+00  7.05000000e-10  1.60636489e-03 
 7.15000000e-10  1.80000000e+00  7.15000000e-10  1.54365444e-03 
 7.25000000e-10  1.80000000e+00  7.25000000e-10  1.48563368e-03 
 7.35000000e-10  1.80000000e+00  7.35000000e-10  1.43153163e-03 
 7.45000000e-10  1.80000000e+00  7.45000000e-10  1.38124642e-03 
 7.55000000e-10  1.80000000e+00  7.55000000e-10  1.33411760e-03 
 7.65000000e-10  1.80000000e+00  7.65000000e-10  1.29014165e-03 
 7.75000000e-10  1.80000000e+00  7.75000000e-10  1.24873674e-03 
 7.85000000e-10  1.80000000e+00  7.85000000e-10  1.20997097e-03 
 7.95000000e-10  1.80000000e+00  7.95000000e-10  1.17331961e-03 
 8.05000000e-10  1.80000000e+00  8.05000000e-10  1.13890393e-03 
 8.15000000e-10  1.80000000e+00  8.15000000e-10  1.10624141e-03 
 8.25000000e-10  1.80000000e+00  8.25000000e-10  1.07549348e-03 
 8.35000000e-10  1.80000000e+00  8.35000000e-10  1.04620931e-03 
 8.45000000e-10  1.80000000e+00  8.45000000e-10  1.01858115e-03 
 8.55000000e-10  1.80000000e+00  8.55000000e-10  9.92182318e-04 
 8.65000000e-10  1.80000000e+00  8.65000000e-10  9.67228983e-04 
 8.75000000e-10  1.80000000e+00  8.75000000e-10  9.43313142e-04 
 8.85000000e-10  1.80000000e+00  8.85000000e-10  9.20669761e-04 
 8.95000000e-10  1.80000000e+00  8.95000000e-10  8.98905442e-04 
 9.05000000e-10  1.80000000e+00  9.05000000e-10  8.78270073e-04 
 9.15000000e-10  1.80000000e+00  9.15000000e-10  8.58381833e-04 
 9.25000000e-10  1.80000000e+00  9.25000000e-10  8.39502547e-04 
 9.35000000e-10  1.80000000e+00  9.35000000e-10  8.21259679e-04 
 9.45000000e-10  1.80000000e+00  9.45000000e-10  8.03924674e-04 
 9.55000000e-10  1.80000000e+00  9.55000000e-10  7.87132535e-04 
 9.65000000e-10  1.80000000e+00  9.65000000e-10  7.71162499e-04 
 9.75000000e-10  1.80000000e+00  9.75000000e-10  7.55655767e-04 
 9.85000000e-10  1.80000000e+00  9.85000000e-10  7.40897911e-04 
 9.95000000e-10  1.80000000e+00  9.95000000e-10  7.26535297e-04 
 1.00500000e-09  1.80000000e+00  1.00500000e-09  7.12858654e-04 
 1.01500000e-09  1.80000000e+00  1.01500000e-09  6.99518710e-04 
 1.02500000e-09  1.80000000e+00  1.02500000e-09  6.86810393e-04 
 1.03500000e-09  1.80000000e+00  1.03500000e-09  6.74388164e-04 
 1.04500000e-09  1.80000000e+00  1.04500000e-09  6.62550367e-04 
 1.05500000e-09  1.80000000e+00  1.05500000e-09  6.50954699e-04 
 1.06500000e-09  1.80000000e+00  1.06500000e-09  6.39902272e-04 
 1.07500000e-09  1.80000000e+00  1.07500000e-09  6.29053628e-04 
 1.08500000e-09  1.80000000e+00  1.08500000e-09  6.18712101e-04 
 1.09500000e-09  1.80000000e+00  1.09500000e-09  6.08540776e-04 
 1.10500000e-09  1.80000000e+00  1.10500000e-09  5.98844747e-04 
 1.11500000e-09  1.80000000e+00  1.11500000e-09  5.89289400e-04 
 1.12500000e-09  1.80000000e+00  1.12500000e-09  5.80181199e-04 
 1.13500000e-09  1.80000000e+00  1.13500000e-09  5.71187641e-04 
 1.14500000e-09  1.80000000e+00  1.14500000e-09  5.62616227e-04 
 1.15500000e-09  1.80000000e+00  1.15500000e-09  5.54136414e-04 
 1.16500000e-09  1.80000000e+00  1.16500000e-09  5.46056453e-04 
 1.17500000e-09  1.80000000e+00  1.17500000e-09  5.38047641e-04 
 1.18500000e-09  1.80000000e+00  1.18500000e-09  5.30418732e-04 
 1.19500000e-09  1.80000000e+00  1.19500000e-09  5.22842771e-04 
 1.20500000e-09  1.80000000e+00  1.20500000e-09  5.15628796e-04 
 1.21500000e-09  1.80000000e+00  1.21500000e-09  5.08451530e-04 
 1.22500000e-09  1.80000000e+00  1.22500000e-09  5.01620104e-04 
 1.23500000e-09  1.80000000e+00  1.23500000e-09  4.94810863e-04 
 1.24500000e-09  1.80000000e+00  1.24500000e-09  4.88332866e-04 
 1.25500000e-09  1.80000000e+00  1.25500000e-09  4.81864035e-04 
 1.26500000e-09  1.80000000e+00  1.26500000e-09  4.75713210e-04 
 1.27500000e-09  1.80000000e+00  1.27500000e-09  4.69559861e-04 
 1.28500000e-09  1.80000000e+00  1.28500000e-09  4.63712474e-04 
 1.29500000e-09  1.80000000e+00  1.29500000e-09  4.57852045e-04 
 1.30500000e-09  1.80000000e+00  1.30500000e-09  4.52286589e-04 
 1.31500000e-09  1.80000000e+00  1.31500000e-09  4.46698613e-04 
 1.32500000e-09  1.80000000e+00  1.32500000e-09  4.41395555e-04 
 1.33500000e-09  1.80000000e+00  1.33500000e-09  4.36061421e-04 
 1.34500000e-09  1.80000000e+00  1.34500000e-09  4.31002981e-04 
 1.35500000e-09  1.80000000e+00  1.35500000e-09  4.25905732e-04 
 1.36500000e-09  1.80000000e+00  1.36500000e-09  4.21075689e-04 
 1.37500000e-09  1.80000000e+00  1.37500000e-09  4.16199840e-04 
 1.38500000e-09  1.80000000e+00  1.38500000e-09  4.11583370e-04 
 1.39500000e-09  1.80000000e+00  1.39500000e-09  4.06914754e-04 
 1.40500000e-09  1.80000000e+00  1.40500000e-09  4.02498277e-04 
 1.41500000e-09  1.80000000e+00  1.41500000e-09  3.98023909e-04 
 1.42500000e-09  1.80000000e+00  1.42500000e-09  3.93794968e-04 
 1.43500000e-09  1.80000000e+00  1.43500000e-09  3.89502921e-04 
 1.44500000e-09  1.80000000e+00  1.44500000e-09  3.85450065e-04 
 1.45500000e-09  1.80000000e+00  1.45500000e-09  3.81329368e-04 
 1.46500000e-09  1.80000000e+00  1.46500000e-09  3.77442053e-04 
 1.47500000e-09  1.80000000e+00  1.47500000e-09  3.73482595e-04 
 1.48500000e-09  1.80000000e+00  1.48500000e-09  3.69751098e-04 
 1.49500000e-09  1.80000000e+00  1.49500000e-09  3.65943548e-04 
 1.50500000e-09  1.80000000e+00  1.50500000e-09  3.62358887e-04 
 1.51500000e-09  1.80000000e+00  1.51500000e-09  3.58694620e-04 
 1.52500000e-09  1.80000000e+00  1.52500000e-09  3.55248484e-04 
 1.53500000e-09  1.80000000e+00  1.53500000e-09  3.51719514e-04 
 1.54500000e-09  1.80000000e+00  1.54500000e-09  3.48404206e-04 
 1.55500000e-09  1.80000000e+00  1.55500000e-09  3.45003129e-04 
 1.56500000e-09  1.80000000e+00  1.56500000e-09  3.41811507e-04 
 1.57500000e-09  1.80000000e+00  1.57500000e-09  3.38531448e-04 
 1.58500000e-09  1.80000000e+00  1.58500000e-09  3.35456876e-04 
 1.59500000e-09  1.80000000e+00  1.59500000e-09  3.32291446e-04 
 1.60500000e-09  1.80000000e+00  1.60500000e-09  3.29327751e-04 
 1.61500000e-09  1.80000000e+00  1.61500000e-09  3.26271001e-04 
 1.62500000e-09  1.80000000e+00  1.62500000e-09  3.23412435e-04 
 1.63500000e-09  1.80000000e+00  1.63500000e-09  3.20458820e-04 
 1.64500000e-09  1.80000000e+00  1.64500000e-09  3.17700021e-04 
 1.65500000e-09  1.80000000e+00  1.65500000e-09  3.14844369e-04 
 1.66500000e-09  1.80000000e+00  1.66500000e-09  3.12180330e-04 
 1.67500000e-09  1.80000000e+00  1.67500000e-09  3.09417807e-04 
 1.68500000e-09  1.80000000e+00  1.68500000e-09  3.06843851e-04 
 1.69500000e-09  1.80000000e+00  1.69500000e-09  3.04169936e-04 
 1.70500000e-09  1.80000000e+00  1.70500000e-09  3.01681683e-04 
 1.71500000e-09  1.80000000e+00  1.71500000e-09  2.99092145e-04 
 1.72500000e-09  1.80000000e+00  1.72500000e-09  2.96685494e-04 
 1.73500000e-09  1.80000000e+00  1.73500000e-09  2.94176365e-04 
 1.74500000e-09  1.80000000e+00  1.74500000e-09  2.91847470e-04 
 1.75500000e-09  1.80000000e+00  1.75500000e-09  2.89415029e-04 
 1.76500000e-09  1.80000000e+00  1.76500000e-09  2.87160280e-04 
 1.77500000e-09  1.80000000e+00  1.77500000e-09  2.84801030e-04 
 1.78500000e-09  1.80000000e+00  1.78500000e-09  2.82617035e-04 
 1.79500000e-09  1.80000000e+00  1.79500000e-09  2.80327691e-04 
 1.80500000e-09  1.80000000e+00  1.80500000e-09  2.78211260e-04 
 1.81500000e-09  1.80000000e+00  1.81500000e-09  2.75988729e-04 
 1.82500000e-09  1.80000000e+00  1.82500000e-09  2.73936859e-04 
 1.83500000e-09  1.80000000e+00  1.83500000e-09  2.71778230e-04 
 1.84500000e-09  1.80000000e+00  1.84500000e-09  2.69788092e-04 
 1.85500000e-09  1.80000000e+00  1.85500000e-09  2.67690619e-04 
 1.86500000e-09  1.80000000e+00  1.86500000e-09  2.65759546e-04 
 1.87500000e-09  1.80000000e+00  1.87500000e-09  2.63720639e-04 
 1.88500000e-09  1.80000000e+00  1.88500000e-09  2.61846113e-04 
 1.89500000e-09  1.80000000e+00  1.89500000e-09  2.59863327e-04 
 1.90500000e-09  1.80000000e+00  1.90500000e-09  2.58042971e-04 
 1.91500000e-09  1.80000000e+00  1.91500000e-09  2.56113995e-04 
 1.92500000e-09  1.80000000e+00  1.92500000e-09  2.54345561e-04 
 1.93500000e-09  1.80000000e+00  1.93500000e-09  2.52468209e-04 
 1.94500000e-09  1.80000000e+00  1.94500000e-09  2.50749570e-04 
 1.95500000e-09  1.80000000e+00  1.95500000e-09  2.48921775e-04 
 1.96500000e-09  1.80000000e+00  1.96500000e-09  2.47250919e-04 
 1.97500000e-09  1.80000000e+00  1.97500000e-09  2.45470720e-04 
 1.98500000e-09  1.80000000e+00  1.98500000e-09  2.43845740e-04 
 1.99500000e-09  1.80000000e+00  1.99500000e-09  2.42111282e-04 
 2.00500000e-09  1.80000000e+00  2.00500000e-09  2.40530370e-04 
 2.01500000e-09  1.80000000e+00  2.01500000e-09  2.38839890e-04 
 2.02500000e-09  1.80000000e+00  2.02500000e-09  2.37301331e-04 
 2.03500000e-09  1.80000000e+00  2.03500000e-09  2.35653158e-04 
 2.04500000e-09  1.80000000e+00  2.04500000e-09  2.34155325e-04 
 2.05500000e-09  1.80000000e+00  2.05500000e-09  2.32547871e-04 
 2.06500000e-09  1.80000000e+00  2.06500000e-09  2.31089216e-04 
 2.07500000e-09  1.80000000e+00  2.07500000e-09  2.29520971e-04 
 2.08500000e-09  1.80000000e+00  2.08500000e-09  2.28100025e-04 
 2.09500000e-09  1.80000000e+00  2.09500000e-09  2.26569555e-04 
 2.10500000e-09  1.80000000e+00  2.10500000e-09  2.25184919e-04 
 2.11500000e-09  1.80000000e+00  2.11500000e-09  2.23690858e-04 
 2.12500000e-09  1.80000000e+00  2.12500000e-09  2.22341201e-04 
 2.13500000e-09  1.80000000e+00  2.13500000e-09  2.20882248e-04 
 2.14500000e-09  1.80000000e+00  2.14500000e-09  2.19566304e-04 
 2.15500000e-09  1.80000000e+00  2.15500000e-09  2.18141219e-04 
 2.16500000e-09  1.80000000e+00  2.16500000e-09  2.16857780e-04 
 2.17500000e-09  1.80000000e+00  2.17500000e-09  2.15465383e-04 
 2.18500000e-09  1.80000000e+00  2.18500000e-09  2.14213297e-04 
 2.19500000e-09  1.80000000e+00  2.19500000e-09  2.12852462e-04 
 2.20500000e-09  1.80000000e+00  2.20500000e-09  2.11630632e-04 
 2.21500000e-09  1.80000000e+00  2.21500000e-09  2.10300282e-04 
 2.22500000e-09  1.80000000e+00  2.22500000e-09  2.09107659e-04 
 2.23500000e-09  1.80000000e+00  2.23500000e-09  2.07806769e-04 
 2.24500000e-09  1.80000000e+00  2.24500000e-09  2.06642352e-04 
 2.25500000e-09  1.80000000e+00  2.25500000e-09  2.05369940e-04 
 2.26500000e-09  1.80000000e+00  2.26500000e-09  2.04232774e-04 
 2.27500000e-09  1.80000000e+00  2.27500000e-09  2.02987902e-04 
 2.28500000e-09  1.80000000e+00  2.28500000e-09  2.01877073e-04 
 2.29500000e-09  1.80000000e+00  2.29500000e-09  2.00658844e-04 
 2.30500000e-09  1.80000000e+00  2.30500000e-09  1.99573478e-04 
 2.31500000e-09  1.80000000e+00  2.31500000e-09  1.98381034e-04 
 2.32500000e-09  1.80000000e+00  2.32500000e-09  1.97320294e-04 
 2.33500000e-09  1.80000000e+00  2.33500000e-09  1.96152815e-04 
 2.34500000e-09  1.80000000e+00  2.34500000e-09  1.95115901e-04 
 2.35500000e-09  1.80000000e+00  2.35500000e-09  1.93972598e-04 
 2.36500000e-09  1.80000000e+00  2.36500000e-09  1.92958743e-04 
 2.37500000e-09  1.80000000e+00  2.37500000e-09  1.91838864e-04 
 2.38500000e-09  1.80000000e+00  2.38500000e-09  1.90847334e-04 
 2.39500000e-09  1.80000000e+00  2.39500000e-09  1.89750155e-04 
 2.40500000e-09  1.80000000e+00  2.40500000e-09  1.88780246e-04 
 2.41500000e-09  1.80000000e+00  2.41500000e-09  1.87705074e-04 
 2.42500000e-09  1.80000000e+00  2.42500000e-09  1.86756110e-04 
 2.43500000e-09  1.80000000e+00  2.43500000e-09  1.85702281e-04 
 2.44500000e-09  1.80000000e+00  2.44500000e-09  1.84773615e-04 
 2.45500000e-09  1.80000000e+00  2.45500000e-09  1.83740489e-04 
 2.46500000e-09  1.80000000e+00  2.46500000e-09  1.82831499e-04 
 2.47500000e-09  1.80000000e+00  2.47500000e-09  1.81818465e-04 
 2.48500000e-09  1.80000000e+00  2.48500000e-09  1.80928554e-04 
 2.49500000e-09  1.80000000e+00  2.49500000e-09  1.79935021e-04 
 2.50500000e-09  1.80000000e+00  2.50500000e-09  1.79063617e-04 
 2.51500000e-09  1.80000000e+00  2.51500000e-09  1.78089020e-04 
 2.52500000e-09  1.80000000e+00  2.52500000e-09  1.77235570e-04 
 2.53500000e-09  1.80000000e+00  2.53500000e-09  1.76279365e-04 
 2.54500000e-09  1.80000000e+00  2.54500000e-09  1.75443341e-04 
 2.55500000e-09  1.80000000e+00  2.55500000e-09  1.74505005e-04 
 2.56500000e-09  1.80000000e+00  2.56500000e-09  1.73685897e-04 
 2.57500000e-09  1.80000000e+00  2.57500000e-09  1.72764925e-04 
 2.58500000e-09  1.80000000e+00  2.58500000e-09  1.71962244e-04 
 2.59500000e-09  1.80000000e+00  2.59500000e-09  1.71058152e-04 
 2.60500000e-09  1.80000000e+00  2.60500000e-09  1.70271425e-04 
 2.61500000e-09  1.80000000e+00  2.61500000e-09  1.69383747e-04 
 2.62500000e-09  1.80000000e+00  2.62500000e-09  1.68612521e-04 
 2.63500000e-09  1.80000000e+00  2.63500000e-09  1.67740806e-04 
 2.64500000e-09  1.80000000e+00  2.64500000e-09  1.66984645e-04 
 2.65500000e-09  1.80000000e+00  2.65500000e-09  1.66128461e-04 
 2.66500000e-09  1.80000000e+00  2.66500000e-09  1.65386943e-04 
 2.67500000e-09  1.80000000e+00  2.67500000e-09  1.64545872e-04 
 2.68500000e-09  1.80000000e+00  2.68500000e-09  1.63818591e-04 
 2.69500000e-09  1.80000000e+00  2.69500000e-09  1.62992230e-04 
 2.70500000e-09  1.80000000e+00  2.70500000e-09  1.62278796e-04 
 2.71500000e-09  1.80000000e+00  2.71500000e-09  1.61466756e-04 
 2.72500000e-09  1.80000000e+00  2.72500000e-09  1.60766792e-04 
 2.73500000e-09  1.80000000e+00  2.73500000e-09  1.59968699e-04 
 2.74500000e-09  1.80000000e+00  2.74500000e-09  1.59281840e-04 
 2.75500000e-09  1.80000000e+00  2.75500000e-09  1.58497333e-04 
 2.76500000e-09  1.80000000e+00  2.76500000e-09  1.57823229e-04 
 2.77500000e-09  1.80000000e+00  2.77500000e-09  1.57051958e-04 
 2.78500000e-09  1.80000000e+00  2.78500000e-09  1.56390270e-04 
 2.79500000e-09  1.80000000e+00  2.79500000e-09  1.55631898e-04 
 2.80500000e-09  1.80000000e+00  2.80500000e-09  1.54982299e-04 
 2.81500000e-09  1.80000000e+00  2.81500000e-09  1.54236500e-04 
 2.82500000e-09  1.80000000e+00  2.82500000e-09  1.53598674e-04 
 2.83500000e-09  1.80000000e+00  2.83500000e-09  1.52865134e-04 
 2.84500000e-09  1.80000000e+00  2.84500000e-09  1.52238775e-04 
 2.85500000e-09  1.80000000e+00  2.85500000e-09  1.51517189e-04 
 2.86500000e-09  1.80000000e+00  2.86500000e-09  1.50902003e-04 
 2.87500000e-09  1.80000000e+00  2.87500000e-09  1.50192077e-04 
 2.88500000e-09  1.80000000e+00  2.88500000e-09  1.49587780e-04 
 2.89500000e-09  1.80000000e+00  2.89500000e-09  1.48889229e-04 
 2.90500000e-09  1.80000000e+00  2.90500000e-09  1.48295544e-04 
 2.91500000e-09  1.80000000e+00  2.91500000e-09  1.47608093e-04 
 2.92500000e-09  1.80000000e+00  2.92500000e-09  1.47024754e-04 
 2.93500000e-09  1.80000000e+00  2.93500000e-09  1.46348136e-04 
 2.94500000e-09  1.80000000e+00  2.94500000e-09  1.45774886e-04 
 2.95500000e-09  1.80000000e+00  2.95500000e-09  1.45108843e-04 
 2.96500000e-09  1.80000000e+00  2.96500000e-09  1.44545432e-04 
 2.97500000e-09  1.80000000e+00  2.97500000e-09  1.43889715e-04 
 2.98500000e-09  1.80000000e+00  2.98500000e-09  1.43335901e-04 
 2.99500000e-09  1.80000000e+00  2.99500000e-09  1.42690267e-04 
 3.00500000e-09  1.80000000e+00  3.00500000e-09  1.42145818e-04 
 3.01500000e-09  1.80000000e+00  3.01500000e-09  1.41510033e-04 
 3.02500000e-09  1.80000000e+00  3.02500000e-09  1.40974722e-04 
 3.03500000e-09  1.80000000e+00  3.03500000e-09  1.40348559e-04 
 3.04500000e-09  1.80000000e+00  3.04500000e-09  1.39822166e-04 
 3.05500000e-09  1.80000000e+00  3.05500000e-09  1.39205406e-04 
 3.06500000e-09  1.80000000e+00  3.06500000e-09  1.38687719e-04 
 3.07500000e-09  1.80000000e+00  3.07500000e-09  1.38080147e-04 
 3.08500000e-09  1.80000000e+00  3.08500000e-09  1.37570961e-04 
 3.09500000e-09  1.80000000e+00  3.09500000e-09  1.36972370e-04 
 3.10500000e-09  1.80000000e+00  3.10500000e-09  1.36471485e-04 
 3.11500000e-09  1.80000000e+00  3.11500000e-09  1.35881675e-04 
 3.12500000e-09  1.80000000e+00  3.12500000e-09  1.35388898e-04 
 3.13500000e-09  1.80000000e+00  3.13500000e-09  1.34807674e-04 
 3.14500000e-09  1.80000000e+00  3.14500000e-09  1.34322817e-04 
 3.15500000e-09  1.80000000e+00  3.15500000e-09  1.33749990e-04 
 3.16500000e-09  1.80000000e+00  3.16500000e-09  1.33272872e-04 
 3.17500000e-09  1.80000000e+00  3.17500000e-09  1.32708258e-04 
 3.18500000e-09  1.80000000e+00  3.18500000e-09  1.32238702e-04 
 3.19500000e-09  1.80000000e+00  3.19500000e-09  1.31682124e-04 
 3.20500000e-09  1.80000000e+00  3.20500000e-09  1.31219958e-04 
 3.21500000e-09  1.80000000e+00  3.21500000e-09  1.30671243e-04 
 3.22500000e-09  1.80000000e+00  3.22500000e-09  1.30216302e-04 
 3.23500000e-09  1.80000000e+00  3.23500000e-09  1.29675281e-04 
 3.24500000e-09  1.80000000e+00  3.24500000e-09  1.29227403e-04 
 3.25500000e-09  1.80000000e+00  3.25500000e-09  1.28693914e-04 
 3.26500000e-09  1.80000000e+00  3.26500000e-09  1.28252942e-04 
 3.27500000e-09  1.80000000e+00  3.27500000e-09  1.27726826e-04 
 3.28500000e-09  1.80000000e+00  3.28500000e-09  1.27292609e-04 
 3.29500000e-09  1.80000000e+00  3.29500000e-09  1.26773711e-04 
 3.30500000e-09  1.80000000e+00  3.30500000e-09  1.26346101e-04 
 3.31500000e-09  1.80000000e+00  3.31500000e-09  1.25834272e-04 
 3.32500000e-09  1.80000000e+00  3.32500000e-09  1.25413126e-04 
 3.33500000e-09  1.80000000e+00  3.33500000e-09  1.24908220e-04 
 3.34500000e-09  1.80000000e+00  3.34500000e-09  1.24493397e-04 
 3.35500000e-09  1.80000000e+00  3.35500000e-09  1.23995273e-04 
 3.36500000e-09  1.80000000e+00  3.36500000e-09  1.23586638e-04 
 3.37500000e-09  1.80000000e+00  3.37500000e-09  1.23095157e-04 
 3.38500000e-09  1.80000000e+00  3.38500000e-09  1.22692579e-04 
 3.39500000e-09  1.80000000e+00  3.39500000e-09  1.22207608e-04 
 3.40500000e-09  1.80000000e+00  3.40500000e-09  1.21810958e-04 
 3.41500000e-09  1.80000000e+00  3.41500000e-09  1.21332366e-04 
 3.42500000e-09  1.80000000e+00  3.42500000e-09  1.20941520e-04 
 3.43500000e-09  1.80000000e+00  3.43500000e-09  1.20469180e-04 
 3.44500000e-09  1.80000000e+00  3.44500000e-09  1.20084016e-04 
 3.45500000e-09  1.80000000e+00  3.45500000e-09  1.19617805e-04 
 3.46500000e-09  1.80000000e+00  3.46500000e-09  1.19238206e-04 
 3.47500000e-09  1.80000000e+00  3.47500000e-09  1.18778003e-04 
 3.48500000e-09  1.80000000e+00  3.48500000e-09  1.18403853e-04 
 3.49500000e-09  1.80000000e+00  3.49500000e-09  1.17949542e-04 
 3.50500000e-09  1.80000000e+00  3.50500000e-09  1.17580730e-04 
 3.51500000e-09  1.80000000e+00  3.51500000e-09  1.17132196e-04 
 3.52500000e-09  1.80000000e+00  3.52500000e-09  1.16768613e-04 
 3.53500000e-09  1.80000000e+00  3.53500000e-09  1.16325745e-04 
 3.54500000e-09  1.80000000e+00  3.54500000e-09  1.15967286e-04 
 3.55500000e-09  1.80000000e+00  3.55500000e-09  1.15529975e-04 
 3.56500000e-09  1.80000000e+00  3.56500000e-09  1.15176537e-04 
 3.57500000e-09  1.80000000e+00  3.57500000e-09  1.14744678e-04 
 3.58500000e-09  1.80000000e+00  3.58500000e-09  1.14396159e-04 
 3.59500000e-09  1.80000000e+00  3.59500000e-09  1.13969649e-04 
 3.60500000e-09  1.80000000e+00  3.60500000e-09  1.13625953e-04 
 3.61500000e-09  1.80000000e+00  3.61500000e-09  1.13204693e-04 
 3.62500000e-09  1.80000000e+00  3.62500000e-09  1.12865724e-04 
 3.63500000e-09  1.80000000e+00  3.63500000e-09  1.12449614e-04 
 3.64500000e-09  1.80000000e+00  3.64500000e-09  1.12115280e-04 
 3.65500000e-09  1.80000000e+00  3.65500000e-09  1.11704226e-04 
 3.66500000e-09  1.80000000e+00  3.66500000e-09  1.11374435e-04 
 3.67500000e-09  1.80000000e+00  3.67500000e-09  1.10968344e-04 
 3.68500000e-09  1.80000000e+00  3.68500000e-09  1.10643009e-04 
 3.69500000e-09  1.80000000e+00  3.69500000e-09  1.10241790e-04 
 3.70500000e-09  1.80000000e+00  3.70500000e-09  1.09920826e-04 
 3.71500000e-09  1.80000000e+00  3.71500000e-09  1.09524390e-04 
 3.72500000e-09  1.80000000e+00  3.72500000e-09  1.09207712e-04 
 3.73500000e-09  1.80000000e+00  3.73500000e-09  1.08815974e-04 
 3.74500000e-09  1.80000000e+00  3.74500000e-09  1.08503500e-04 
 3.75500000e-09  1.80000000e+00  3.75500000e-09  1.08116375e-04 
 3.76500000e-09  1.80000000e+00  3.76500000e-09  1.07808026e-04 
 3.77500000e-09  1.80000000e+00  3.77500000e-09  1.07425432e-04 
 3.78500000e-09  1.80000000e+00  3.78500000e-09  1.07121131e-04 
 3.79500000e-09  1.80000000e+00  3.79500000e-09  1.06742987e-04 
 3.80500000e-09  1.80000000e+00  3.80500000e-09  1.06442657e-04 
 3.81500000e-09  1.80000000e+00  3.81500000e-09  1.06068885e-04 
 3.82500000e-09  1.80000000e+00  3.82500000e-09  1.05772453e-04 
 3.83500000e-09  1.80000000e+00  3.83500000e-09  1.05402977e-04 
 3.84500000e-09  1.80000000e+00  3.84500000e-09  1.05110370e-04 
 3.85500000e-09  1.80000000e+00  3.85500000e-09  1.04745115e-04 
 3.86500000e-09  1.80000000e+00  3.86500000e-09  1.04456263e-04 
 3.87500000e-09  1.80000000e+00  3.87500000e-09  1.04095156e-04 
 3.88500000e-09  1.80000000e+00  3.88500000e-09  1.03809991e-04 
 3.89500000e-09  1.80000000e+00  3.89500000e-09  1.03452960e-04 
 3.90500000e-09  1.80000000e+00  3.90500000e-09  1.03171414e-04 
 3.91500000e-09  1.80000000e+00  3.91500000e-09  1.02818390e-04 
 3.92500000e-09  1.80000000e+00  3.92500000e-09  1.02540398e-04 
 3.93500000e-09  1.80000000e+00  3.93500000e-09  1.02191312e-04 
 3.94500000e-09  1.80000000e+00  3.94500000e-09  1.01916810e-04 
 3.95500000e-09  1.80000000e+00  3.95500000e-09  1.01571597e-04 
 3.96500000e-09  1.80000000e+00  3.96500000e-09  1.01300522e-04 
 3.97500000e-09  1.80000000e+00  3.97500000e-09  1.00959116e-04 
 3.98500000e-09  1.80000000e+00  3.98500000e-09  1.00691408e-04 
 3.99500000e-09  1.80000000e+00  3.99500000e-09  1.00353745e-04 
 4.00500000e-09  1.80000000e+00  4.00500000e-09  1.00089344e-04 
 4.01500000e-09  1.80000000e+00  4.01500000e-09  9.97553628e-05 
 4.02500000e-09  1.80000000e+00  4.02500000e-09  9.94942095e-05 
 4.03500000e-09  1.80000000e+00  4.03500000e-09  9.91638495e-05 
 4.04500000e-09  1.80000000e+00  4.04500000e-09  9.89058877e-05 
 4.05500000e-09  1.80000000e+00  4.05500000e-09  9.85790889e-05 
 4.06500000e-09  1.80000000e+00  4.06500000e-09  9.83242633e-05 
 4.07500000e-09  1.80000000e+00  4.07500000e-09  9.80009676e-05 
 4.08500000e-09  1.80000000e+00  4.08500000e-09  9.77492236e-05 
 4.09500000e-09  1.80000000e+00  4.09500000e-09  9.74293742e-05 
 4.10500000e-09  1.80000000e+00  4.10500000e-09  9.71806588e-05 
 4.11500000e-09  1.80000000e+00  4.11500000e-09  9.68642000e-05 
 4.12500000e-09  1.80000000e+00  4.12500000e-09  9.66184613e-05 
 4.13500000e-09  1.80000000e+00  4.13500000e-09  9.63053386e-05 
 4.14500000e-09  1.80000000e+00  4.14500000e-09  9.60625258e-05 
 4.15500000e-09  1.80000000e+00  4.15500000e-09  9.57526860e-05 
 4.16500000e-09  1.80000000e+00  4.16500000e-09  9.55127495e-05 
 4.17500000e-09  1.80000000e+00  4.17500000e-09  9.52061404e-05 
 4.18500000e-09  1.80000000e+00  4.18500000e-09  9.49690317e-05 
 4.19500000e-09  1.80000000e+00  4.19500000e-09  9.46656023e-05 
 4.20500000e-09  1.80000000e+00  4.20500000e-09  9.44312738e-05 
 4.21500000e-09  1.80000000e+00  4.21500000e-09  9.41309743e-05 
 4.22500000e-09  1.80000000e+00  4.22500000e-09  9.38993795e-05 
 4.23500000e-09  1.80000000e+00  4.23500000e-09  9.36021609e-05 
 4.24500000e-09  1.80000000e+00  4.24500000e-09  9.33732545e-05 
 4.25500000e-09  1.80000000e+00  4.25500000e-09  9.30790689e-05 
 4.26500000e-09  1.80000000e+00  4.26500000e-09  9.28528064e-05 
 4.27500000e-09  1.80000000e+00  4.27500000e-09  9.25616069e-05 
 4.28500000e-09  1.80000000e+00  4.28500000e-09  9.23379449e-05 
 4.29500000e-09  1.80000000e+00  4.29500000e-09  9.20496856e-05 
 4.30500000e-09  1.80000000e+00  4.30500000e-09  9.18285814e-05 
 4.31500000e-09  1.80000000e+00  4.31500000e-09  9.15432173e-05 
 4.32500000e-09  1.80000000e+00  4.32500000e-09  9.13246293e-05 
 4.33500000e-09  1.80000000e+00  4.33500000e-09  9.10421165e-05 
 4.34500000e-09  1.80000000e+00  4.34500000e-09  9.08260038e-05 
 4.35500000e-09  1.80000000e+00  4.35500000e-09  9.05462990e-05 
 4.36500000e-09  1.80000000e+00  4.36500000e-09  9.03326218e-05 
 4.37500000e-09  1.80000000e+00  4.37500000e-09  9.00556828e-05 
 4.38500000e-09  1.80000000e+00  4.38500000e-09  8.98444019e-05 
 4.39500000e-09  1.80000000e+00  4.39500000e-09  8.95701873e-05 
 4.40500000e-09  1.80000000e+00  4.40500000e-09  8.93612645e-05 
 4.41500000e-09  1.80000000e+00  4.41500000e-09  8.90897336e-05 
 4.42500000e-09  1.80000000e+00  4.42500000e-09  8.88831314e-05 
 4.43500000e-09  1.80000000e+00  4.43500000e-09  8.86142445e-05 
 4.44500000e-09  1.80000000e+00  4.44500000e-09  8.84099262e-05 
 4.45500000e-09  1.80000000e+00  4.45500000e-09  8.81436442e-05 
 4.46500000e-09  1.80000000e+00  4.46500000e-09  8.79415740e-05 
 4.47500000e-09  1.80000000e+00  4.47500000e-09  8.76778586e-05 
 4.48500000e-09  1.80000000e+00  4.48500000e-09  8.74780012e-05 
 4.49500000e-09  1.80000000e+00  4.49500000e-09  8.72168151e-05 
 4.50500000e-09  1.80000000e+00  4.50500000e-09  8.70191358e-05 
 4.51500000e-09  1.80000000e+00  4.51500000e-09  8.67604422e-05 
 4.52500000e-09  1.80000000e+00  4.52500000e-09  8.65649075e-05 
 4.53500000e-09  1.80000000e+00  4.53500000e-09  8.63086703e-05 
 4.54500000e-09  1.80000000e+00  4.54500000e-09  8.61152469e-05 
 4.55500000e-09  1.80000000e+00  4.55500000e-09  8.58614308e-05 
 4.56500000e-09  1.80000000e+00  4.56500000e-09  8.56700863e-05 
 4.57500000e-09  1.80000000e+00  4.57500000e-09  8.54186566e-05 
 4.58500000e-09  1.80000000e+00  4.58500000e-09  8.52293592e-05 
 4.59500000e-09  1.80000000e+00  4.59500000e-09  8.49802820e-05 
 4.60500000e-09  1.80000000e+00  4.60500000e-09  8.47930005e-05 
 4.61500000e-09  1.80000000e+00  4.61500000e-09  8.45462423e-05 
 4.62500000e-09  1.80000000e+00  4.62500000e-09  8.43609462e-05 
 4.63500000e-09  1.80000000e+00  4.63500000e-09  8.41164744e-05 
 4.64500000e-09  1.80000000e+00  4.64500000e-09  8.39331338e-05 
 4.65500000e-09  1.80000000e+00  4.65500000e-09  8.36909162e-05 
 4.66500000e-09  1.80000000e+00  4.66500000e-09  8.35095016e-05 
 4.67500000e-09  1.80000000e+00  4.67500000e-09  8.32695069e-05 
 4.68500000e-09  1.80000000e+00  4.68500000e-09  8.30899895e-05 
 4.69500000e-09  1.80000000e+00  4.69500000e-09  8.28521866e-05 
 4.70500000e-09  1.80000000e+00  4.70500000e-09  8.26745383e-05 
 4.71500000e-09  1.80000000e+00  4.71500000e-09  8.24388969e-05 
 4.72500000e-09  1.80000000e+00  4.72500000e-09  8.22630899e-05 
 4.73500000e-09  1.80000000e+00  4.73500000e-09  8.20295803e-05 
 4.74500000e-09  1.80000000e+00  4.74500000e-09  8.18555874e-05 
 4.75500000e-09  1.80000000e+00  4.75500000e-09  8.16241804e-05 
 4.76500000e-09  1.80000000e+00  4.76500000e-09  8.14519751e-05 
 4.77500000e-09  1.80000000e+00  4.77500000e-09  8.12226419e-05 
 4.78500000e-09  1.80000000e+00  4.78500000e-09  8.10521980e-05 
 4.79500000e-09  1.80000000e+00  4.79500000e-09  8.08249104e-05 
 4.80500000e-09  1.80000000e+00  4.80500000e-09  8.06562024e-05 
 4.81500000e-09  1.80000000e+00  4.81500000e-09  8.04309328e-05 
 4.82500000e-09  1.80000000e+00  4.82500000e-09  8.02639354e-05 
 4.83500000e-09  1.80000000e+00  4.83500000e-09  8.00406568e-05 
 4.84500000e-09  1.80000000e+00  4.84500000e-09  7.98753453e-05 
 4.85500000e-09  1.80000000e+00  4.85500000e-09  7.96540309e-05 
 4.86500000e-09  1.80000000e+00  4.86500000e-09  7.94903812e-05 
 4.87500000e-09  1.80000000e+00  4.87500000e-09  7.92710047e-05 
 4.88500000e-09  1.80000000e+00  4.88500000e-09  7.91089931e-05 
 4.89500000e-09  1.80000000e+00  4.89500000e-09  7.88915289e-05 
 4.90500000e-09  1.80000000e+00  4.90500000e-09  7.87311319e-05 
 4.91500000e-09  1.80000000e+00  4.91500000e-09  7.85155548e-05 
 4.92500000e-09  1.80000000e+00  4.92500000e-09  7.83567496e-05 
 4.93500000e-09  1.80000000e+00  4.93500000e-09  7.81430348e-05 
 4.94500000e-09  1.80000000e+00  4.94500000e-09  7.79857989e-05 
 4.95500000e-09  1.80000000e+00  4.95500000e-09  7.77739219e-05 
 4.96500000e-09  1.80000000e+00  4.96500000e-09  7.76182333e-05 
 4.97500000e-09  1.80000000e+00  4.97500000e-09  7.74081701e-05 
 4.98500000e-09  1.80000000e+00  4.98500000e-09  7.72540072e-05 
 4.99500000e-09  1.80000000e+00  4.99500000e-09  7.70457344e-05 
 5.00500000e-09  1.80000000e+00  5.00500000e-09  7.68930758e-05 
 5.01500000e-09  1.80000000e+00  5.01500000e-09  7.66865702e-05 
 5.02500000e-09  1.80000000e+00  5.02500000e-09  7.65353952e-05 
 5.03500000e-09  1.80000000e+00  5.03500000e-09  7.63306341e-05 
 5.04500000e-09  1.80000000e+00  5.04500000e-09  7.61809220e-05 
 5.05500000e-09  1.80000000e+00  5.05500000e-09  7.59778831e-05 
 5.06500000e-09  1.80000000e+00  5.06500000e-09  7.58296139e-05 
 5.07500000e-09  1.80000000e+00  5.07500000e-09  7.56282752e-05 
 5.08500000e-09  1.80000000e+00  5.08500000e-09  7.54814291e-05 
 5.09500000e-09  1.80000000e+00  5.09500000e-09  7.52817690e-05 
 5.10500000e-09  1.80000000e+00  5.10500000e-09  7.51363266e-05 
 5.11500000e-09  1.80000000e+00  5.11500000e-09  7.49383240e-05 
 5.12500000e-09  1.80000000e+00  5.12500000e-09  7.47942662e-05 
 5.13500000e-09  1.80000000e+00  5.13500000e-09  7.45979001e-05 
 5.14500000e-09  1.80000000e+00  5.14500000e-09  7.44552082e-05 
 5.15500000e-09  1.80000000e+00  5.15500000e-09  7.42604581e-05 
 5.16500000e-09  1.80000000e+00  5.16500000e-09  7.41191137e-05 
 5.17500000e-09  1.80000000e+00  5.17500000e-09  7.39259596e-05 
 5.18500000e-09  1.80000000e+00  5.18500000e-09  7.37859445e-05 
 5.19500000e-09  1.80000000e+00  5.19500000e-09  7.35943665e-05 
 5.20500000e-09  1.80000000e+00  5.20500000e-09  7.34556630e-05 
 5.21500000e-09  1.80000000e+00  5.21500000e-09  7.32656416e-05 
 5.22500000e-09  1.80000000e+00  5.22500000e-09  7.31282323e-05 
 5.23500000e-09  1.80000000e+00  5.23500000e-09  7.29397482e-05 
 5.24500000e-09  1.80000000e+00  5.24500000e-09  7.28036159e-05 
 5.25500000e-09  1.80000000e+00  5.25500000e-09  7.26166505e-05 
 5.26500000e-09  1.80000000e+00  5.26500000e-09  7.24817783e-05 
 5.27500000e-09  1.80000000e+00  5.27500000e-09  7.22963128e-05 
 5.28500000e-09  1.80000000e+00  5.28500000e-09  7.21626842e-05 
 5.29500000e-09  1.80000000e+00  5.29500000e-09  7.19787005e-05 
 5.30500000e-09  1.80000000e+00  5.30500000e-09  7.18462991e-05 
 5.31500000e-09  1.80000000e+00  5.31500000e-09  7.16637793e-05 
 5.32500000e-09  1.80000000e+00  5.32500000e-09  7.15325892e-05 
 5.33500000e-09  1.80000000e+00  5.33500000e-09  7.13515155e-05 
 5.34500000e-09  1.80000000e+00  5.34500000e-09  7.12215209e-05 
 5.35500000e-09  1.80000000e+00  5.35500000e-09  7.10418761e-05 
 5.36500000e-09  1.80000000e+00  5.36500000e-09  7.09130614e-05 
 5.37500000e-09  1.80000000e+00  5.37500000e-09  7.07348283e-05 
 5.38500000e-09  1.80000000e+00  5.38500000e-09  7.06071785e-05 
 5.39500000e-09  1.80000000e+00  5.39500000e-09  7.04303403e-05 
 5.40500000e-09  1.80000000e+00  5.40500000e-09  7.03038403e-05 
 5.41500000e-09  1.80000000e+00  5.41500000e-09  7.01283805e-05 
 5.42500000e-09  1.80000000e+00  5.42500000e-09  7.00030156e-05 
 5.43500000e-09  1.80000000e+00  5.43500000e-09  6.98289179e-05 
 5.44500000e-09  1.80000000e+00  5.44500000e-09  6.97046736e-05 
 5.45500000e-09  1.80000000e+00  5.45500000e-09  6.95319219e-05 
 5.46500000e-09  1.80000000e+00  5.46500000e-09  6.94087841e-05 
 5.47500000e-09  1.80000000e+00  5.47500000e-09  6.92373627e-05 
 5.48500000e-09  1.80000000e+00  5.48500000e-09  6.91153173e-05 
 5.49500000e-09  1.80000000e+00  5.49500000e-09  6.89452106e-05 
 5.50000000e-09  1.80000000e+00  5.50000000e-09  6.88967470e-05 
 5.50100000e-09  1.79640000e+00  5.50100000e-09 -4.37291679e-04 
 5.50300000e-09  1.78920000e+00  5.50300000e-09 -1.40524933e-03 
 5.50700000e-09  1.77480000e+00  5.50700000e-09 -2.99093119e-03 
 5.51500000e-09  1.74600000e+00  5.51500000e-09 -4.85778170e-03 
 5.52500000e-09  1.71000000e+00  5.52500000e-09 -5.82809203e-03 
 5.53500000e-09  1.67400000e+00  5.53500000e-09 -6.19560712e-03 
 5.54500000e-09  1.63800000e+00  5.54500000e-09 -6.35589203e-03 
 5.55500000e-09  1.60200000e+00  5.55500000e-09 -6.44936200e-03 
 5.56500000e-09  1.56600000e+00  5.56500000e-09 -6.52080464e-03 
 5.57500000e-09  1.53000000e+00  5.57500000e-09 -6.58831887e-03 
 5.58500000e-09  1.49400000e+00  5.58500000e-09 -6.65752670e-03 
 5.59500000e-09  1.45800000e+00  5.59500000e-09 -6.73204629e-03 
 5.60500000e-09  1.42200000e+00  5.60500000e-09 -6.81353385e-03 
 5.61500000e-09  1.38600000e+00  5.61500000e-09 -6.90437214e-03 
 5.62500000e-09  1.35000000e+00  5.62500000e-09 -7.00676630e-03 
 5.63500000e-09  1.31400000e+00  5.63500000e-09 -7.12430742e-03 
 5.64500000e-09  1.27800000e+00  5.64500000e-09 -7.26130526e-03 
 5.65500000e-09  1.24200000e+00  5.65500000e-09 -7.42448129e-03 
 5.66500000e-09  1.20600000e+00  5.66500000e-09 -7.62289694e-03 
 5.67500000e-09  1.17000000e+00  5.67500000e-09 -7.87053861e-03 
 5.68500000e-09  1.13400000e+00  5.68500000e-09 -8.18747628e-03 
 5.69500000e-09  1.09800000e+00  5.69500000e-09 -8.60489898e-03 
 5.70500000e-09  1.06200000e+00  5.70500000e-09 -9.17272985e-03 
 5.71500000e-09  1.02600000e+00  5.71500000e-09 -9.97936757e-03 
 5.72500000e-09  9.90000000e-01  5.72500000e-09 -1.11868214e-02 
 5.73500000e-09  9.54000000e-01  5.73500000e-09 -1.30844137e-02 
 5.74500000e-09  9.18000000e-01  5.74500000e-09 -1.60970791e-02 
 5.75500000e-09  8.82000000e-01  5.75500000e-09 -2.04530628e-02 
 5.76500000e-09  8.46000000e-01  5.76500000e-09 -2.45633270e-02 
 5.77500000e-09  8.10000000e-01  5.77500000e-09 -2.19283125e-02 
 5.78500000e-09  7.74000000e-01  5.78500000e-09 -1.65993128e-03 
 5.79500000e-09  7.38000000e-01  5.79500000e-09  4.40390286e-02 
 5.80500000e-09  7.02000000e-01  5.80500000e-09  1.26117566e-01 
 5.81500000e-09  6.66000000e-01  5.81500000e-09  2.43692298e-01 
 5.82500000e-09  6.30000000e-01  5.82500000e-09  3.91711679e-01 
 5.83500000e-09  5.94000000e-01  5.83500000e-09  5.66879287e-01 
 5.84500000e-09  5.58000000e-01  5.84500000e-09  7.64768200e-01 
 5.85500000e-09  5.22000000e-01  5.85500000e-09  9.70159403e-01 
 5.86500000e-09  4.86000000e-01  5.86500000e-09  1.14560871e+00 
 5.87500000e-09  4.50000000e-01  5.87500000e-09  1.28480224e+00 
 5.88500000e-09  4.14000000e-01  5.88500000e-09  1.40074478e+00 
 5.89500000e-09  3.78000000e-01  5.89500000e-09  1.49611206e+00 
 5.90500000e-09  3.42000000e-01  5.90500000e-09  1.57214867e+00 
 5.91500000e-09  3.06000000e-01  5.91500000e-09  1.63135121e+00 
 5.92500000e-09  2.70000000e-01  5.92500000e-09  1.67638991e+00 
 5.93500000e-09  2.34000000e-01  5.93500000e-09  1.70987523e+00 
 5.94500000e-09  1.98000000e-01  5.94500000e-09  1.73426418e+00 
 5.95500000e-09  1.62000000e-01  5.95500000e-09  1.75171228e+00 
 5.96500000e-09  1.26000000e-01  5.96500000e-09  1.76401073e+00 
 5.97500000e-09  9.00000000e-02  5.97500000e-09  1.77257130e+00 
 5.98500000e-09  5.40000000e-02  5.98500000e-09  1.77847459e+00 
 5.99500000e-09  1.80000000e-02  5.99500000e-09  1.78251579e+00 
 6.00000000e-09  0.00000000e+00  6.00000000e-09  1.78401448e+00 
 6.00100000e-09  0.00000000e+00  6.00100000e-09  1.78446999e+00 
 6.00300000e-09  0.00000000e+00  6.00300000e-09  1.78543988e+00 
 6.00700000e-09  0.00000000e+00  6.00700000e-09  1.78751620e+00 
 6.01500000e-09  0.00000000e+00  6.01500000e-09  1.79115289e+00 
 6.02500000e-09  0.00000000e+00  6.02500000e-09  1.79433470e+00 
 6.03500000e-09  0.00000000e+00  6.03500000e-09  1.79636311e+00 
 6.04500000e-09  0.00000000e+00  6.04500000e-09  1.79766651e+00 
 6.05500000e-09  0.00000000e+00  6.05500000e-09  1.79850233e+00 
 6.06500000e-09  0.00000000e+00  6.06500000e-09  1.79903861e+00 
 6.07500000e-09  0.00000000e+00  6.07500000e-09  1.79938295e+00 
 6.08500000e-09  0.00000000e+00  6.08500000e-09  1.79960375e+00 
 6.09500000e-09  0.00000000e+00  6.09500000e-09  1.79974566e+00 
 6.10500000e-09  0.00000000e+00  6.10500000e-09  1.79983658e+00 
 6.11500000e-09  0.00000000e+00  6.11500000e-09  1.79989513e+00 
 6.12500000e-09  0.00000000e+00  6.12500000e-09  1.79993255e+00 
 6.13500000e-09  0.00000000e+00  6.13500000e-09  1.79995676e+00 
 6.14500000e-09  0.00000000e+00  6.14500000e-09  1.79997213e+00 
 6.15500000e-09  0.00000000e+00  6.15500000e-09  1.79998218e+00 
 6.16500000e-09  0.00000000e+00  6.16500000e-09  1.79998845e+00 
 6.17500000e-09  0.00000000e+00  6.17500000e-09  1.79999266e+00 
 6.18500000e-09  0.00000000e+00  6.18500000e-09  1.79999519e+00 
 6.19500000e-09  0.00000000e+00  6.19500000e-09  1.79999699e+00 
 6.20500000e-09  0.00000000e+00  6.20500000e-09  1.79999797e+00 
 6.21500000e-09  0.00000000e+00  6.21500000e-09  1.79999870e+00 
 6.22500000e-09  0.00000000e+00  6.22500000e-09  1.79999897e+00 
 6.23500000e-09  0.00000000e+00  6.23500000e-09  1.79999933e+00 
 6.24500000e-09  0.00000000e+00  6.24500000e-09  1.79999940e+00 
 6.25500000e-09  0.00000000e+00  6.25500000e-09  1.79999963e+00 
 6.26500000e-09  0.00000000e+00  6.26500000e-09  1.79999962e+00 
 6.27500000e-09  0.00000000e+00  6.27500000e-09  1.79999977e+00 
 6.28500000e-09  0.00000000e+00  6.28500000e-09  1.79999972e+00 
 6.29500000e-09  0.00000000e+00  6.29500000e-09  1.79999983e+00 
 6.30500000e-09  0.00000000e+00  6.30500000e-09  1.79999976e+00 
 6.31500000e-09  0.00000000e+00  6.31500000e-09  1.79999986e+00 
 6.32500000e-09  0.00000000e+00  6.32500000e-09  1.79999978e+00 
 6.33500000e-09  0.00000000e+00  6.33500000e-09  1.79999987e+00 
 6.34500000e-09  0.00000000e+00  6.34500000e-09  1.79999979e+00 
 6.35500000e-09  0.00000000e+00  6.35500000e-09  1.79999987e+00 
 6.36500000e-09  0.00000000e+00  6.36500000e-09  1.79999979e+00 
 6.37500000e-09  0.00000000e+00  6.37500000e-09  1.79999988e+00 
 6.38500000e-09  0.00000000e+00  6.38500000e-09  1.79999980e+00 
 6.39500000e-09  0.00000000e+00  6.39500000e-09  1.79999988e+00 
 6.40500000e-09  0.00000000e+00  6.40500000e-09  1.79999980e+00 
 6.41500000e-09  0.00000000e+00  6.41500000e-09  1.79999988e+00 
 6.42500000e-09  0.00000000e+00  6.42500000e-09  1.79999980e+00 
 6.43500000e-09  0.00000000e+00  6.43500000e-09  1.79999988e+00 
 6.44500000e-09  0.00000000e+00  6.44500000e-09  1.79999980e+00 
 6.45500000e-09  0.00000000e+00  6.45500000e-09  1.79999988e+00 
 6.46500000e-09  0.00000000e+00  6.46500000e-09  1.79999981e+00 
 6.47500000e-09  0.00000000e+00  6.47500000e-09  1.79999988e+00 
 6.48500000e-09  0.00000000e+00  6.48500000e-09  1.79999981e+00 
 6.49500000e-09  0.00000000e+00  6.49500000e-09  1.79999989e+00 
 6.50500000e-09  0.00000000e+00  6.50500000e-09  1.79999981e+00 
 6.51500000e-09  0.00000000e+00  6.51500000e-09  1.79999989e+00 
 6.52500000e-09  0.00000000e+00  6.52500000e-09  1.79999981e+00 
 6.53500000e-09  0.00000000e+00  6.53500000e-09  1.79999989e+00 
 6.54500000e-09  0.00000000e+00  6.54500000e-09  1.79999982e+00 
 6.55500000e-09  0.00000000e+00  6.55500000e-09  1.79999989e+00 
 6.56500000e-09  0.00000000e+00  6.56500000e-09  1.79999982e+00 
 6.57500000e-09  0.00000000e+00  6.57500000e-09  1.79999989e+00 
 6.58500000e-09  0.00000000e+00  6.58500000e-09  1.79999982e+00 
 6.59500000e-09  0.00000000e+00  6.59500000e-09  1.79999989e+00 
 6.60500000e-09  0.00000000e+00  6.60500000e-09  1.79999982e+00 
 6.61500000e-09  0.00000000e+00  6.61500000e-09  1.79999989e+00 
 6.62500000e-09  0.00000000e+00  6.62500000e-09  1.79999983e+00 
 6.63500000e-09  0.00000000e+00  6.63500000e-09  1.79999990e+00 
 6.64500000e-09  0.00000000e+00  6.64500000e-09  1.79999983e+00 
 6.65500000e-09  0.00000000e+00  6.65500000e-09  1.79999990e+00 
 6.66500000e-09  0.00000000e+00  6.66500000e-09  1.79999983e+00 
 6.67500000e-09  0.00000000e+00  6.67500000e-09  1.79999990e+00 
 6.68500000e-09  0.00000000e+00  6.68500000e-09  1.79999983e+00 
 6.69500000e-09  0.00000000e+00  6.69500000e-09  1.79999990e+00 
 6.70500000e-09  0.00000000e+00  6.70500000e-09  1.79999983e+00 
 6.71500000e-09  0.00000000e+00  6.71500000e-09  1.79999990e+00 
 6.72500000e-09  0.00000000e+00  6.72500000e-09  1.79999984e+00 
 6.73500000e-09  0.00000000e+00  6.73500000e-09  1.79999990e+00 
 6.74500000e-09  0.00000000e+00  6.74500000e-09  1.79999984e+00 
 6.75500000e-09  0.00000000e+00  6.75500000e-09  1.79999990e+00 
 6.76500000e-09  0.00000000e+00  6.76500000e-09  1.79999984e+00 
 6.77500000e-09  0.00000000e+00  6.77500000e-09  1.79999990e+00 
 6.78500000e-09  0.00000000e+00  6.78500000e-09  1.79999984e+00 
 6.79500000e-09  0.00000000e+00  6.79500000e-09  1.79999991e+00 
 6.80500000e-09  0.00000000e+00  6.80500000e-09  1.79999984e+00 
 6.81500000e-09  0.00000000e+00  6.81500000e-09  1.79999991e+00 
 6.82500000e-09  0.00000000e+00  6.82500000e-09  1.79999984e+00 
 6.83500000e-09  0.00000000e+00  6.83500000e-09  1.79999991e+00 
 6.84500000e-09  0.00000000e+00  6.84500000e-09  1.79999985e+00 
 6.85500000e-09  0.00000000e+00  6.85500000e-09  1.79999991e+00 
 6.86500000e-09  0.00000000e+00  6.86500000e-09  1.79999985e+00 
 6.87500000e-09  0.00000000e+00  6.87500000e-09  1.79999991e+00 
 6.88500000e-09  0.00000000e+00  6.88500000e-09  1.79999985e+00 
 6.89500000e-09  0.00000000e+00  6.89500000e-09  1.79999991e+00 
 6.90500000e-09  0.00000000e+00  6.90500000e-09  1.79999985e+00 
 6.91500000e-09  0.00000000e+00  6.91500000e-09  1.79999991e+00 
 6.92500000e-09  0.00000000e+00  6.92500000e-09  1.79999985e+00 
 6.93500000e-09  0.00000000e+00  6.93500000e-09  1.79999991e+00 
 6.94500000e-09  0.00000000e+00  6.94500000e-09  1.79999986e+00 
 6.95500000e-09  0.00000000e+00  6.95500000e-09  1.79999991e+00 
 6.96500000e-09  0.00000000e+00  6.96500000e-09  1.79999986e+00 
 6.97500000e-09  0.00000000e+00  6.97500000e-09  1.79999991e+00 
 6.98500000e-09  0.00000000e+00  6.98500000e-09  1.79999986e+00 
 6.99500000e-09  0.00000000e+00  6.99500000e-09  1.79999992e+00 
 7.00500000e-09  0.00000000e+00  7.00500000e-09  1.79999986e+00 
 7.01500000e-09  0.00000000e+00  7.01500000e-09  1.79999992e+00 
 7.02500000e-09  0.00000000e+00  7.02500000e-09  1.79999986e+00 
 7.03500000e-09  0.00000000e+00  7.03500000e-09  1.79999992e+00 
 7.04500000e-09  0.00000000e+00  7.04500000e-09  1.79999986e+00 
 7.05500000e-09  0.00000000e+00  7.05500000e-09  1.79999992e+00 
 7.06500000e-09  0.00000000e+00  7.06500000e-09  1.79999986e+00 
 7.07500000e-09  0.00000000e+00  7.07500000e-09  1.79999992e+00 
 7.08500000e-09  0.00000000e+00  7.08500000e-09  1.79999987e+00 
 7.09500000e-09  0.00000000e+00  7.09500000e-09  1.79999992e+00 
 7.10500000e-09  0.00000000e+00  7.10500000e-09  1.79999987e+00 
 7.11500000e-09  0.00000000e+00  7.11500000e-09  1.79999992e+00 
 7.12500000e-09  0.00000000e+00  7.12500000e-09  1.79999987e+00 
 7.13500000e-09  0.00000000e+00  7.13500000e-09  1.79999992e+00 
 7.14500000e-09  0.00000000e+00  7.14500000e-09  1.79999987e+00 
 7.15500000e-09  0.00000000e+00  7.15500000e-09  1.79999992e+00 
 7.16500000e-09  0.00000000e+00  7.16500000e-09  1.79999987e+00 
 7.17500000e-09  0.00000000e+00  7.17500000e-09  1.79999992e+00 
 7.18500000e-09  0.00000000e+00  7.18500000e-09  1.79999987e+00 
 7.19500000e-09  0.00000000e+00  7.19500000e-09  1.79999992e+00 
 7.20500000e-09  0.00000000e+00  7.20500000e-09  1.79999987e+00 
 7.21500000e-09  0.00000000e+00  7.21500000e-09  1.79999992e+00 
 7.22500000e-09  0.00000000e+00  7.22500000e-09  1.79999988e+00 
 7.23500000e-09  0.00000000e+00  7.23500000e-09  1.79999993e+00 
 7.24500000e-09  0.00000000e+00  7.24500000e-09  1.79999988e+00 
 7.25500000e-09  0.00000000e+00  7.25500000e-09  1.79999993e+00 
 7.26500000e-09  0.00000000e+00  7.26500000e-09  1.79999988e+00 
 7.27500000e-09  0.00000000e+00  7.27500000e-09  1.79999993e+00 
 7.28500000e-09  0.00000000e+00  7.28500000e-09  1.79999988e+00 
 7.29500000e-09  0.00000000e+00  7.29500000e-09  1.79999993e+00 
 7.30500000e-09  0.00000000e+00  7.30500000e-09  1.79999988e+00 
 7.31500000e-09  0.00000000e+00  7.31500000e-09  1.79999993e+00 
 7.32500000e-09  0.00000000e+00  7.32500000e-09  1.79999988e+00 
 7.33500000e-09  0.00000000e+00  7.33500000e-09  1.79999993e+00 
 7.34500000e-09  0.00000000e+00  7.34500000e-09  1.79999988e+00 
 7.35500000e-09  0.00000000e+00  7.35500000e-09  1.79999993e+00 
 7.36500000e-09  0.00000000e+00  7.36500000e-09  1.79999988e+00 
 7.37500000e-09  0.00000000e+00  7.37500000e-09  1.79999993e+00 
 7.38500000e-09  0.00000000e+00  7.38500000e-09  1.79999989e+00 
 7.39500000e-09  0.00000000e+00  7.39500000e-09  1.79999993e+00 
 7.40500000e-09  0.00000000e+00  7.40500000e-09  1.79999989e+00 
 7.41500000e-09  0.00000000e+00  7.41500000e-09  1.79999993e+00 
 7.42500000e-09  0.00000000e+00  7.42500000e-09  1.79999989e+00 
 7.43500000e-09  0.00000000e+00  7.43500000e-09  1.79999993e+00 
 7.44500000e-09  0.00000000e+00  7.44500000e-09  1.79999989e+00 
 7.45500000e-09  0.00000000e+00  7.45500000e-09  1.79999993e+00 
 7.46500000e-09  0.00000000e+00  7.46500000e-09  1.79999989e+00 
 7.47500000e-09  0.00000000e+00  7.47500000e-09  1.79999993e+00 
 7.48500000e-09  0.00000000e+00  7.48500000e-09  1.79999989e+00 
 7.49500000e-09  0.00000000e+00  7.49500000e-09  1.79999993e+00 
 7.50500000e-09  0.00000000e+00  7.50500000e-09  1.79999989e+00 
 7.51500000e-09  0.00000000e+00  7.51500000e-09  1.79999993e+00 
 7.52500000e-09  0.00000000e+00  7.52500000e-09  1.79999989e+00 
 7.53500000e-09  0.00000000e+00  7.53500000e-09  1.79999993e+00 
 7.54500000e-09  0.00000000e+00  7.54500000e-09  1.79999989e+00 
 7.55500000e-09  0.00000000e+00  7.55500000e-09  1.79999994e+00 
 7.56500000e-09  0.00000000e+00  7.56500000e-09  1.79999990e+00 
 7.57500000e-09  0.00000000e+00  7.57500000e-09  1.79999994e+00 
 7.58500000e-09  0.00000000e+00  7.58500000e-09  1.79999990e+00 
 7.59500000e-09  0.00000000e+00  7.59500000e-09  1.79999994e+00 
 7.60500000e-09  0.00000000e+00  7.60500000e-09  1.79999990e+00 
 7.61500000e-09  0.00000000e+00  7.61500000e-09  1.79999994e+00 
 7.62500000e-09  0.00000000e+00  7.62500000e-09  1.79999990e+00 
 7.63500000e-09  0.00000000e+00  7.63500000e-09  1.79999994e+00 
 7.64500000e-09  0.00000000e+00  7.64500000e-09  1.79999990e+00 
 7.65500000e-09  0.00000000e+00  7.65500000e-09  1.79999994e+00 
 7.66500000e-09  0.00000000e+00  7.66500000e-09  1.79999990e+00 
 7.67500000e-09  0.00000000e+00  7.67500000e-09  1.79999994e+00 
 7.68500000e-09  0.00000000e+00  7.68500000e-09  1.79999990e+00 
 7.69500000e-09  0.00000000e+00  7.69500000e-09  1.79999994e+00 
 7.70500000e-09  0.00000000e+00  7.70500000e-09  1.79999990e+00 
 7.71500000e-09  0.00000000e+00  7.71500000e-09  1.79999994e+00 
 7.72500000e-09  0.00000000e+00  7.72500000e-09  1.79999990e+00 
 7.73500000e-09  0.00000000e+00  7.73500000e-09  1.79999994e+00 
 7.74500000e-09  0.00000000e+00  7.74500000e-09  1.79999990e+00 
 7.75500000e-09  0.00000000e+00  7.75500000e-09  1.79999994e+00 
 7.76500000e-09  0.00000000e+00  7.76500000e-09  1.79999990e+00 
 7.77500000e-09  0.00000000e+00  7.77500000e-09  1.79999994e+00 
 7.78500000e-09  0.00000000e+00  7.78500000e-09  1.79999991e+00 
 7.79500000e-09  0.00000000e+00  7.79500000e-09  1.79999994e+00 
 7.80500000e-09  0.00000000e+00  7.80500000e-09  1.79999991e+00 
 7.81500000e-09  0.00000000e+00  7.81500000e-09  1.79999994e+00 
 7.82500000e-09  0.00000000e+00  7.82500000e-09  1.79999991e+00 
 7.83500000e-09  0.00000000e+00  7.83500000e-09  1.79999994e+00 
 7.84500000e-09  0.00000000e+00  7.84500000e-09  1.79999991e+00 
 7.85500000e-09  0.00000000e+00  7.85500000e-09  1.79999994e+00 
 7.86500000e-09  0.00000000e+00  7.86500000e-09  1.79999991e+00 
 7.87500000e-09  0.00000000e+00  7.87500000e-09  1.79999994e+00 
 7.88500000e-09  0.00000000e+00  7.88500000e-09  1.79999991e+00 
 7.89500000e-09  0.00000000e+00  7.89500000e-09  1.79999994e+00 
 7.90500000e-09  0.00000000e+00  7.90500000e-09  1.79999991e+00 
 7.91500000e-09  0.00000000e+00  7.91500000e-09  1.79999994e+00 
 7.92500000e-09  0.00000000e+00  7.92500000e-09  1.79999991e+00 
 7.93500000e-09  0.00000000e+00  7.93500000e-09  1.79999994e+00 
 7.94500000e-09  0.00000000e+00  7.94500000e-09  1.79999991e+00 
 7.95500000e-09  0.00000000e+00  7.95500000e-09  1.79999995e+00 
 7.96500000e-09  0.00000000e+00  7.96500000e-09  1.79999991e+00 
 7.97500000e-09  0.00000000e+00  7.97500000e-09  1.79999995e+00 
 7.98500000e-09  0.00000000e+00  7.98500000e-09  1.79999991e+00 
 7.99500000e-09  0.00000000e+00  7.99500000e-09  1.79999995e+00 
 8.00500000e-09  0.00000000e+00  8.00500000e-09  1.79999991e+00 
 8.01500000e-09  0.00000000e+00  8.01500000e-09  1.79999995e+00 
 8.02500000e-09  0.00000000e+00  8.02500000e-09  1.79999992e+00 
 8.03500000e-09  0.00000000e+00  8.03500000e-09  1.79999995e+00 
 8.04500000e-09  0.00000000e+00  8.04500000e-09  1.79999992e+00 
 8.05500000e-09  0.00000000e+00  8.05500000e-09  1.79999995e+00 
 8.06500000e-09  0.00000000e+00  8.06500000e-09  1.79999992e+00 
 8.07500000e-09  0.00000000e+00  8.07500000e-09  1.79999995e+00 
 8.08500000e-09  0.00000000e+00  8.08500000e-09  1.79999992e+00 
 8.09500000e-09  0.00000000e+00  8.09500000e-09  1.79999995e+00 
 8.10500000e-09  0.00000000e+00  8.10500000e-09  1.79999992e+00 
 8.11500000e-09  0.00000000e+00  8.11500000e-09  1.79999995e+00 
 8.12500000e-09  0.00000000e+00  8.12500000e-09  1.79999992e+00 
 8.13500000e-09  0.00000000e+00  8.13500000e-09  1.79999995e+00 
 8.14500000e-09  0.00000000e+00  8.14500000e-09  1.79999992e+00 
 8.15500000e-09  0.00000000e+00  8.15500000e-09  1.79999995e+00 
 8.16500000e-09  0.00000000e+00  8.16500000e-09  1.79999992e+00 
 8.17500000e-09  0.00000000e+00  8.17500000e-09  1.79999995e+00 
 8.18500000e-09  0.00000000e+00  8.18500000e-09  1.79999992e+00 
 8.19500000e-09  0.00000000e+00  8.19500000e-09  1.79999995e+00 
 8.20500000e-09  0.00000000e+00  8.20500000e-09  1.79999992e+00 
 8.21500000e-09  0.00000000e+00  8.21500000e-09  1.79999995e+00 
 8.22500000e-09  0.00000000e+00  8.22500000e-09  1.79999992e+00 
 8.23500000e-09  0.00000000e+00  8.23500000e-09  1.79999995e+00 
 8.24500000e-09  0.00000000e+00  8.24500000e-09  1.79999992e+00 
 8.25500000e-09  0.00000000e+00  8.25500000e-09  1.79999995e+00 
 8.26500000e-09  0.00000000e+00  8.26500000e-09  1.79999992e+00 
 8.27500000e-09  0.00000000e+00  8.27500000e-09  1.79999995e+00 
 8.28500000e-09  0.00000000e+00  8.28500000e-09  1.79999992e+00 
 8.29500000e-09  0.00000000e+00  8.29500000e-09  1.79999995e+00 
 8.30500000e-09  0.00000000e+00  8.30500000e-09  1.79999993e+00 
 8.31500000e-09  0.00000000e+00  8.31500000e-09  1.79999995e+00 
 8.32500000e-09  0.00000000e+00  8.32500000e-09  1.79999993e+00 
 8.33500000e-09  0.00000000e+00  8.33500000e-09  1.79999995e+00 
 8.34500000e-09  0.00000000e+00  8.34500000e-09  1.79999993e+00 
 8.35500000e-09  0.00000000e+00  8.35500000e-09  1.79999995e+00 
 8.36500000e-09  0.00000000e+00  8.36500000e-09  1.79999993e+00 
 8.37500000e-09  0.00000000e+00  8.37500000e-09  1.79999995e+00 
 8.38500000e-09  0.00000000e+00  8.38500000e-09  1.79999993e+00 
 8.39500000e-09  0.00000000e+00  8.39500000e-09  1.79999995e+00 
 8.40500000e-09  0.00000000e+00  8.40500000e-09  1.79999993e+00 
 8.41500000e-09  0.00000000e+00  8.41500000e-09  1.79999995e+00 
 8.42500000e-09  0.00000000e+00  8.42500000e-09  1.79999993e+00 
 8.43500000e-09  0.00000000e+00  8.43500000e-09  1.79999995e+00 
 8.44500000e-09  0.00000000e+00  8.44500000e-09  1.79999993e+00 
 8.45500000e-09  0.00000000e+00  8.45500000e-09  1.79999995e+00 
 8.46500000e-09  0.00000000e+00  8.46500000e-09  1.79999993e+00 
 8.47500000e-09  0.00000000e+00  8.47500000e-09  1.79999995e+00 
 8.48500000e-09  0.00000000e+00  8.48500000e-09  1.79999993e+00 
 8.49500000e-09  0.00000000e+00  8.49500000e-09  1.79999995e+00 
 8.50500000e-09  0.00000000e+00  8.50500000e-09  1.79999993e+00 
 8.51500000e-09  0.00000000e+00  8.51500000e-09  1.79999995e+00 
 8.52500000e-09  0.00000000e+00  8.52500000e-09  1.79999993e+00 
 8.53500000e-09  0.00000000e+00  8.53500000e-09  1.79999996e+00 
 8.54500000e-09  0.00000000e+00  8.54500000e-09  1.79999993e+00 
 8.55500000e-09  0.00000000e+00  8.55500000e-09  1.79999996e+00 
 8.56500000e-09  0.00000000e+00  8.56500000e-09  1.79999993e+00 
 8.57500000e-09  0.00000000e+00  8.57500000e-09  1.79999996e+00 
 8.58500000e-09  0.00000000e+00  8.58500000e-09  1.79999993e+00 
 8.59500000e-09  0.00000000e+00  8.59500000e-09  1.79999996e+00 
 8.60500000e-09  0.00000000e+00  8.60500000e-09  1.79999993e+00 
 8.61500000e-09  0.00000000e+00  8.61500000e-09  1.79999996e+00 
 8.62500000e-09  0.00000000e+00  8.62500000e-09  1.79999993e+00 
 8.63500000e-09  0.00000000e+00  8.63500000e-09  1.79999996e+00 
 8.64500000e-09  0.00000000e+00  8.64500000e-09  1.79999993e+00 
 8.65500000e-09  0.00000000e+00  8.65500000e-09  1.79999996e+00 
 8.66500000e-09  0.00000000e+00  8.66500000e-09  1.79999994e+00 
 8.67500000e-09  0.00000000e+00  8.67500000e-09  1.79999996e+00 
 8.68500000e-09  0.00000000e+00  8.68500000e-09  1.79999994e+00 
 8.69500000e-09  0.00000000e+00  8.69500000e-09  1.79999996e+00 
 8.70500000e-09  0.00000000e+00  8.70500000e-09  1.79999994e+00 
 8.71500000e-09  0.00000000e+00  8.71500000e-09  1.79999996e+00 
 8.72500000e-09  0.00000000e+00  8.72500000e-09  1.79999994e+00 
 8.73500000e-09  0.00000000e+00  8.73500000e-09  1.79999996e+00 
 8.74500000e-09  0.00000000e+00  8.74500000e-09  1.79999994e+00 
 8.75500000e-09  0.00000000e+00  8.75500000e-09  1.79999996e+00 
 8.76500000e-09  0.00000000e+00  8.76500000e-09  1.79999994e+00 
 8.77500000e-09  0.00000000e+00  8.77500000e-09  1.79999996e+00 
 8.78500000e-09  0.00000000e+00  8.78500000e-09  1.79999994e+00 
 8.79500000e-09  0.00000000e+00  8.79500000e-09  1.79999996e+00 
 8.80500000e-09  0.00000000e+00  8.80500000e-09  1.79999994e+00 
 8.81500000e-09  0.00000000e+00  8.81500000e-09  1.79999996e+00 
 8.82500000e-09  0.00000000e+00  8.82500000e-09  1.79999994e+00 
 8.83500000e-09  0.00000000e+00  8.83500000e-09  1.79999996e+00 
 8.84500000e-09  0.00000000e+00  8.84500000e-09  1.79999994e+00 
 8.85500000e-09  0.00000000e+00  8.85500000e-09  1.79999996e+00 
 8.86500000e-09  0.00000000e+00  8.86500000e-09  1.79999994e+00 
 8.87500000e-09  0.00000000e+00  8.87500000e-09  1.79999996e+00 
 8.88500000e-09  0.00000000e+00  8.88500000e-09  1.79999994e+00 
 8.89500000e-09  0.00000000e+00  8.89500000e-09  1.79999996e+00 
 8.90500000e-09  0.00000000e+00  8.90500000e-09  1.79999994e+00 
 8.91500000e-09  0.00000000e+00  8.91500000e-09  1.79999996e+00 
 8.92500000e-09  0.00000000e+00  8.92500000e-09  1.79999994e+00 
 8.93500000e-09  0.00000000e+00  8.93500000e-09  1.79999996e+00 
 8.94500000e-09  0.00000000e+00  8.94500000e-09  1.79999994e+00 
 8.95500000e-09  0.00000000e+00  8.95500000e-09  1.79999996e+00 
 8.96500000e-09  0.00000000e+00  8.96500000e-09  1.79999994e+00 
 8.97500000e-09  0.00000000e+00  8.97500000e-09  1.79999996e+00 
 8.98500000e-09  0.00000000e+00  8.98500000e-09  1.79999994e+00 
 8.99500000e-09  0.00000000e+00  8.99500000e-09  1.79999996e+00 
 9.00500000e-09  0.00000000e+00  9.00500000e-09  1.79999994e+00 
 9.01500000e-09  0.00000000e+00  9.01500000e-09  1.79999996e+00 
 9.02500000e-09  0.00000000e+00  9.02500000e-09  1.79999994e+00 
 9.03500000e-09  0.00000000e+00  9.03500000e-09  1.79999996e+00 
 9.04500000e-09  0.00000000e+00  9.04500000e-09  1.79999994e+00 
 9.05500000e-09  0.00000000e+00  9.05500000e-09  1.79999996e+00 
 9.06500000e-09  0.00000000e+00  9.06500000e-09  1.79999994e+00 
 9.07500000e-09  0.00000000e+00  9.07500000e-09  1.79999996e+00 
 9.08500000e-09  0.00000000e+00  9.08500000e-09  1.79999994e+00 
 9.09500000e-09  0.00000000e+00  9.09500000e-09  1.79999996e+00 
 9.10500000e-09  0.00000000e+00  9.10500000e-09  1.79999994e+00 
 9.11500000e-09  0.00000000e+00  9.11500000e-09  1.79999996e+00 
 9.12500000e-09  0.00000000e+00  9.12500000e-09  1.79999995e+00 
 9.13500000e-09  0.00000000e+00  9.13500000e-09  1.79999996e+00 
 9.14500000e-09  0.00000000e+00  9.14500000e-09  1.79999995e+00 
 9.15500000e-09  0.00000000e+00  9.15500000e-09  1.79999996e+00 
 9.16500000e-09  0.00000000e+00  9.16500000e-09  1.79999995e+00 
 9.17500000e-09  0.00000000e+00  9.17500000e-09  1.79999996e+00 
 9.18500000e-09  0.00000000e+00  9.18500000e-09  1.79999995e+00 
 9.19500000e-09  0.00000000e+00  9.19500000e-09  1.79999996e+00 
 9.20500000e-09  0.00000000e+00  9.20500000e-09  1.79999995e+00 
 9.21500000e-09  0.00000000e+00  9.21500000e-09  1.79999996e+00 
 9.22500000e-09  0.00000000e+00  9.22500000e-09  1.79999995e+00 
 9.23500000e-09  0.00000000e+00  9.23500000e-09  1.79999996e+00 
 9.24500000e-09  0.00000000e+00  9.24500000e-09  1.79999995e+00 
 9.25500000e-09  0.00000000e+00  9.25500000e-09  1.79999996e+00 
 9.26500000e-09  0.00000000e+00  9.26500000e-09  1.79999995e+00 
 9.27500000e-09  0.00000000e+00  9.27500000e-09  1.79999996e+00 
 9.28500000e-09  0.00000000e+00  9.28500000e-09  1.79999995e+00 
 9.29500000e-09  0.00000000e+00  9.29500000e-09  1.79999996e+00 
 9.30500000e-09  0.00000000e+00  9.30500000e-09  1.79999995e+00 
 9.31500000e-09  0.00000000e+00  9.31500000e-09  1.79999996e+00 
 9.32500000e-09  0.00000000e+00  9.32500000e-09  1.79999995e+00 
 9.33500000e-09  0.00000000e+00  9.33500000e-09  1.79999996e+00 
 9.34500000e-09  0.00000000e+00  9.34500000e-09  1.79999995e+00 
 9.35500000e-09  0.00000000e+00  9.35500000e-09  1.79999997e+00 
 9.36500000e-09  0.00000000e+00  9.36500000e-09  1.79999995e+00 
 9.37500000e-09  0.00000000e+00  9.37500000e-09  1.79999997e+00 
 9.38500000e-09  0.00000000e+00  9.38500000e-09  1.79999995e+00 
 9.39500000e-09  0.00000000e+00  9.39500000e-09  1.79999997e+00 
 9.40500000e-09  0.00000000e+00  9.40500000e-09  1.79999995e+00 
 9.41500000e-09  0.00000000e+00  9.41500000e-09  1.79999997e+00 
 9.42500000e-09  0.00000000e+00  9.42500000e-09  1.79999995e+00 
 9.43500000e-09  0.00000000e+00  9.43500000e-09  1.79999997e+00 
 9.44500000e-09  0.00000000e+00  9.44500000e-09  1.79999995e+00 
 9.45500000e-09  0.00000000e+00  9.45500000e-09  1.79999997e+00 
 9.46500000e-09  0.00000000e+00  9.46500000e-09  1.79999995e+00 
 9.47500000e-09  0.00000000e+00  9.47500000e-09  1.79999997e+00 
 9.48500000e-09  0.00000000e+00  9.48500000e-09  1.79999995e+00 
 9.49500000e-09  0.00000000e+00  9.49500000e-09  1.79999997e+00 
 9.50500000e-09  0.00000000e+00  9.50500000e-09  1.79999995e+00 
 9.51500000e-09  0.00000000e+00  9.51500000e-09  1.79999997e+00 
 9.52500000e-09  0.00000000e+00  9.52500000e-09  1.79999995e+00 
 9.53500000e-09  0.00000000e+00  9.53500000e-09  1.79999997e+00 
 9.54500000e-09  0.00000000e+00  9.54500000e-09  1.79999995e+00 
 9.55500000e-09  0.00000000e+00  9.55500000e-09  1.79999997e+00 
 9.56500000e-09  0.00000000e+00  9.56500000e-09  1.79999995e+00 
 9.57500000e-09  0.00000000e+00  9.57500000e-09  1.79999997e+00 
 9.58500000e-09  0.00000000e+00  9.58500000e-09  1.79999995e+00 
 9.59500000e-09  0.00000000e+00  9.59500000e-09  1.79999997e+00 
 9.60500000e-09  0.00000000e+00  9.60500000e-09  1.79999995e+00 
 9.61500000e-09  0.00000000e+00  9.61500000e-09  1.79999997e+00 
 9.62500000e-09  0.00000000e+00  9.62500000e-09  1.79999995e+00 
 9.63500000e-09  0.00000000e+00  9.63500000e-09  1.79999997e+00 
 9.64500000e-09  0.00000000e+00  9.64500000e-09  1.79999995e+00 
 9.65500000e-09  0.00000000e+00  9.65500000e-09  1.79999997e+00 
 9.66500000e-09  0.00000000e+00  9.66500000e-09  1.79999995e+00 
 9.67500000e-09  0.00000000e+00  9.67500000e-09  1.79999997e+00 
 9.68500000e-09  0.00000000e+00  9.68500000e-09  1.79999995e+00 
 9.69500000e-09  0.00000000e+00  9.69500000e-09  1.79999997e+00 
 9.70500000e-09  0.00000000e+00  9.70500000e-09  1.79999995e+00 
 9.71500000e-09  0.00000000e+00  9.71500000e-09  1.79999997e+00 
 9.72500000e-09  0.00000000e+00  9.72500000e-09  1.79999995e+00 
 9.73500000e-09  0.00000000e+00  9.73500000e-09  1.79999997e+00 
 9.74500000e-09  0.00000000e+00  9.74500000e-09  1.79999996e+00 
 9.75500000e-09  0.00000000e+00  9.75500000e-09  1.79999997e+00 
 9.76500000e-09  0.00000000e+00  9.76500000e-09  1.79999996e+00 
 9.77500000e-09  0.00000000e+00  9.77500000e-09  1.79999997e+00 
 9.78500000e-09  0.00000000e+00  9.78500000e-09  1.79999996e+00 
 9.79500000e-09  0.00000000e+00  9.79500000e-09  1.79999997e+00 
 9.80500000e-09  0.00000000e+00  9.80500000e-09  1.79999996e+00 
 9.81500000e-09  0.00000000e+00  9.81500000e-09  1.79999997e+00 
 9.82500000e-09  0.00000000e+00  9.82500000e-09  1.79999996e+00 
 9.83500000e-09  0.00000000e+00  9.83500000e-09  1.79999997e+00 
 9.84500000e-09  0.00000000e+00  9.84500000e-09  1.79999996e+00 
 9.85500000e-09  0.00000000e+00  9.85500000e-09  1.79999997e+00 
 9.86500000e-09  0.00000000e+00  9.86500000e-09  1.79999996e+00 
 9.87500000e-09  0.00000000e+00  9.87500000e-09  1.79999997e+00 
 9.88500000e-09  0.00000000e+00  9.88500000e-09  1.79999996e+00 
 9.89500000e-09  0.00000000e+00  9.89500000e-09  1.79999997e+00 
 9.90500000e-09  0.00000000e+00  9.90500000e-09  1.79999996e+00 
 9.91500000e-09  0.00000000e+00  9.91500000e-09  1.79999997e+00 
 9.92500000e-09  0.00000000e+00  9.92500000e-09  1.79999996e+00 
 9.93500000e-09  0.00000000e+00  9.93500000e-09  1.79999997e+00 
 9.94500000e-09  0.00000000e+00  9.94500000e-09  1.79999996e+00 
 9.95500000e-09  0.00000000e+00  9.95500000e-09  1.79999997e+00 
 9.96500000e-09  0.00000000e+00  9.96500000e-09  1.79999996e+00 
 9.97500000e-09  0.00000000e+00  9.97500000e-09  1.79999997e+00 
 9.98500000e-09  0.00000000e+00  9.98500000e-09  1.79999996e+00 
 9.99500000e-09  0.00000000e+00  9.99500000e-09  1.79999997e+00 
 1.00000000e-08  0.00000000e+00  1.00000000e-08  1.79999996e+00 
 1.00010000e-08  3.60000000e-03  1.00010000e-08  1.80020528e+00 
 1.00030000e-08  1.08000000e-02  1.00030000e-08  1.80070339e+00 
 1.00070000e-08  2.52000000e-02  1.00070000e-08  1.80196086e+00 
 1.00150000e-08  5.40000000e-02  1.00150000e-08  1.80428948e+00 
 1.00250000e-08  9.00000000e-02  1.00250000e-08  1.80635345e+00 
 1.00350000e-08  1.26000000e-01  1.00350000e-08  1.80773231e+00 
 1.00450000e-08  1.62000000e-01  1.00450000e-08  1.80873072e+00 
 1.00550000e-08  1.98000000e-01  1.00550000e-08  1.80946201e+00 
 1.00650000e-08  2.34000000e-01  1.00650000e-08  1.81004168e+00 
 1.00750000e-08  2.70000000e-01  1.00750000e-08  1.81054304e+00 
 1.00850000e-08  3.06000000e-01  1.00850000e-08  1.81101092e+00 
 1.00950000e-08  3.42000000e-01  1.00950000e-08  1.81147598e+00 
 1.01050000e-08  3.78000000e-01  1.01050000e-08  1.81195818e+00 
 1.01150000e-08  4.14000000e-01  1.01150000e-08  1.81247309e+00 
 1.01250000e-08  4.50000000e-01  1.01250000e-08  1.81303031e+00 
 1.01350000e-08  4.86000000e-01  1.01350000e-08  1.81363508e+00 
 1.01450000e-08  5.22000000e-01  1.01450000e-08  1.81428032e+00 
 1.01550000e-08  5.58000000e-01  1.01550000e-08  1.81493730e+00 
 1.01650000e-08  5.94000000e-01  1.01650000e-08  1.81552963e+00 
 1.01750000e-08  6.30000000e-01  1.01750000e-08  1.81589933e+00 
 1.01850000e-08  6.66000000e-01  1.01850000e-08  1.81583683e+00 
 1.01950000e-08  7.02000000e-01  1.01950000e-08  1.81489476e+00 
 1.02050000e-08  7.38000000e-01  1.02050000e-08  1.81251399e+00 
 1.02150000e-08  7.74000000e-01  1.02150000e-08  1.80807199e+00 
 1.02250000e-08  8.10000000e-01  1.02250000e-08  1.80093093e+00 
 1.02350000e-08  8.46000000e-01  1.02350000e-08  1.79050972e+00 
 1.02450000e-08  8.82000000e-01  1.02450000e-08  1.77636407e+00 
 1.02550000e-08  9.18000000e-01  1.02550000e-08  1.75811405e+00 
 1.02650000e-08  9.54000000e-01  1.02650000e-08  1.73491822e+00 
 1.02750000e-08  9.90000000e-01  1.02750000e-08  1.70564134e+00 
 1.02850000e-08  1.02600000e+00  1.02850000e-08  1.66878597e+00 
 1.02950000e-08  1.06200000e+00  1.02950000e-08  1.62282470e+00 
 1.03050000e-08  1.09800000e+00  1.03050000e-08  1.56731082e+00 
 1.03150000e-08  1.13400000e+00  1.03150000e-08  1.50256366e+00 
 1.03250000e-08  1.17000000e+00  1.03250000e-08  1.42854355e+00 
 1.03350000e-08  1.20600000e+00  1.03350000e-08  1.34473390e+00 
 1.03450000e-08  1.24200000e+00  1.03450000e-08  1.25005282e+00 
 1.03550000e-08  1.27800000e+00  1.03550000e-08  1.14205717e+00 
 1.03650000e-08  1.31400000e+00  1.03650000e-08  1.01415959e+00 
 1.03750000e-08  1.35000000e+00  1.03750000e-08  8.48497706e-01 
 1.03850000e-08  1.38600000e+00  1.03850000e-08  6.36157211e-01 
 1.03950000e-08  1.42200000e+00  1.03950000e-08  4.05370255e-01 
 1.04050000e-08  1.45800000e+00  1.04050000e-08  2.29009071e-01 
 1.04150000e-08  1.49400000e+00  1.04150000e-08  1.26649228e-01 
 1.04250000e-08  1.53000000e+00  1.04250000e-08  7.26727310e-02 
 1.04350000e-08  1.56600000e+00  1.04350000e-08  4.53898543e-02 
 1.04450000e-08  1.60200000e+00  1.04450000e-08  3.15006880e-02 
 1.04550000e-08  1.63800000e+00  1.04550000e-08  2.40567077e-02 
 1.04650000e-08  1.67400000e+00  1.04650000e-08  1.97843195e-02 
 1.04750000e-08  1.71000000e+00  1.04750000e-08  1.70946463e-02 
 1.04850000e-08  1.74600000e+00  1.04850000e-08  1.52988533e-02 
 1.04950000e-08  1.78200000e+00  1.04950000e-08  1.39856009e-02 
 1.05000000e-08  1.80000000e+00  1.05000000e-08  1.34751327e-02 
 1.05010000e-08  1.80000000e+00  1.05010000e-08  1.28825206e-02 
 1.05030000e-08  1.80000000e+00  1.05030000e-08  1.17666918e-02 
 1.05070000e-08  1.80000000e+00  1.05070000e-08  9.90795107e-03 
 1.05150000e-08  1.80000000e+00  1.05150000e-08  7.47013418e-03 
 1.05250000e-08  1.80000000e+00  1.05250000e-08  5.84225003e-03 
 1.05350000e-08  1.80000000e+00  1.05350000e-08  4.94024800e-03 
 1.05450000e-08  1.80000000e+00  1.05450000e-08  4.35614038e-03 
 1.05550000e-08  1.80000000e+00  1.05550000e-08  3.92585320e-03 
 1.05650000e-08  1.80000000e+00  1.05650000e-08  3.58458776e-03 
 1.05750000e-08  1.80000000e+00  1.05750000e-08  3.30068719e-03 
 1.05850000e-08  1.80000000e+00  1.05850000e-08  3.05909943e-03 
 1.05950000e-08  1.80000000e+00  1.05950000e-08  2.84962138e-03 
 1.06050000e-08  1.80000000e+00  1.06050000e-08  2.66641645e-03 
 1.06150000e-08  1.80000000e+00  1.06150000e-08  2.50435194e-03 
 1.06250000e-08  1.80000000e+00  1.06250000e-08  2.36036203e-03 
 1.06350000e-08  1.80000000e+00  1.06350000e-08  2.23123178e-03 
 1.06450000e-08  1.80000000e+00  1.06450000e-08  2.11517749e-03 
 1.06550000e-08  1.80000000e+00  1.06550000e-08  2.00996602e-03 
 1.06650000e-08  1.80000000e+00  1.06650000e-08  1.91454310e-03 
 1.06750000e-08  1.80000000e+00  1.06750000e-08  1.82725146e-03 
 1.06850000e-08  1.80000000e+00  1.06850000e-08  1.74748877e-03 
 1.06950000e-08  1.80000000e+00  1.06950000e-08  1.67395909e-03 
 1.07050000e-08  1.80000000e+00  1.07050000e-08  1.60635356e-03 
 1.07150000e-08  1.80000000e+00  1.07150000e-08  1.54361304e-03 
 1.07250000e-08  1.80000000e+00  1.07250000e-08  1.48562598e-03 
 1.07350000e-08  1.80000000e+00  1.07350000e-08  1.43149386e-03 
 1.07450000e-08  1.80000000e+00  1.07450000e-08  1.38124162e-03 
 1.07550000e-08  1.80000000e+00  1.07550000e-08  1.33408282e-03 
 1.07650000e-08  1.80000000e+00  1.07650000e-08  1.29013919e-03 
 1.07750000e-08  1.80000000e+00  1.07750000e-08  1.24870444e-03 
 1.07850000e-08  1.80000000e+00  1.07850000e-08  1.20997042e-03 
 1.07950000e-08  1.80000000e+00  1.07950000e-08  1.17328940e-03 
 1.08050000e-08  1.80000000e+00  1.08050000e-08  1.13890496e-03 
 1.08150000e-08  1.80000000e+00  1.08150000e-08  1.10621299e-03 
 1.08250000e-08  1.80000000e+00  1.08250000e-08  1.07549582e-03 
 1.08350000e-08  1.80000000e+00  1.08350000e-08  1.04618243e-03 
 1.08450000e-08  1.80000000e+00  1.08450000e-08  1.01858459e-03 
 1.08550000e-08  1.80000000e+00  1.08550000e-08  9.92156765e-04 
 1.08650000e-08  1.80000000e+00  1.08650000e-08  9.67233348e-04 
 1.08750000e-08  1.80000000e+00  1.08750000e-08  9.43288758e-04 
 1.08850000e-08  1.80000000e+00  1.08850000e-08  9.20674907e-04 
 1.08950000e-08  1.80000000e+00  1.08950000e-08  8.98882089e-04 
 1.09050000e-08  1.80000000e+00  1.09050000e-08  8.78275884e-04 
 1.09150000e-08  1.80000000e+00  1.09150000e-08  8.58359395e-04 
 1.09250000e-08  1.80000000e+00  1.09250000e-08  8.39508925e-04 
 1.09350000e-08  1.80000000e+00  1.09350000e-08  8.21238061e-04 
 1.09450000e-08  1.80000000e+00  1.09450000e-08  8.03931537e-04 
 1.09550000e-08  1.80000000e+00  1.09550000e-08  7.87111653e-04 
 1.09650000e-08  1.80000000e+00  1.09650000e-08  7.71169778e-04 
 1.09750000e-08  1.80000000e+00  1.09750000e-08  7.55635551e-04 
 1.09850000e-08  1.80000000e+00  1.09850000e-08  7.40905548e-04 
 1.09950000e-08  1.80000000e+00  1.09950000e-08  7.26515686e-04 
 1.10050000e-08  1.80000000e+00  1.10050000e-08  7.12866600e-04 
 1.10150000e-08  1.80000000e+00  1.10150000e-08  6.99499651e-04 
 1.10250000e-08  1.80000000e+00  1.10250000e-08  6.86818605e-04 
 1.10350000e-08  1.80000000e+00  1.10350000e-08  6.74369611e-04 
 1.10450000e-08  1.80000000e+00  1.10450000e-08  6.62558808e-04 
 1.10550000e-08  1.80000000e+00  1.10550000e-08  6.50936613e-04 
 1.10650000e-08  1.80000000e+00  1.10650000e-08  6.39910910e-04 
 1.10750000e-08  1.80000000e+00  1.10750000e-08  6.29035973e-04 
 1.10850000e-08  1.80000000e+00  1.10850000e-08  6.18720910e-04 
 1.10950000e-08  1.80000000e+00  1.10950000e-08  6.08523520e-04 
 1.11050000e-08  1.80000000e+00  1.11050000e-08  5.98853703e-04 
 1.11150000e-08  1.80000000e+00  1.11150000e-08  5.89272514e-04 
 1.11250000e-08  1.80000000e+00  1.11250000e-08  5.80190281e-04 
 1.11350000e-08  1.80000000e+00  1.11350000e-08  5.71171101e-04 
 1.11450000e-08  1.80000000e+00  1.11450000e-08  5.62625417e-04 
 1.11550000e-08  1.80000000e+00  1.11550000e-08  5.54120198e-04 
 1.11650000e-08  1.80000000e+00  1.11650000e-08  5.46065735e-04 
 1.11750000e-08  1.80000000e+00  1.11750000e-08  5.38031729e-04 
 1.11850000e-08  1.80000000e+00  1.11850000e-08  5.30428092e-04 
 1.11950000e-08  1.80000000e+00  1.11950000e-08  5.22827145e-04 
 1.12050000e-08  1.80000000e+00  1.12050000e-08  5.15638222e-04 
 1.12150000e-08  1.80000000e+00  1.12150000e-08  5.08436173e-04 
 1.12250000e-08  1.80000000e+00  1.12250000e-08  5.01629585e-04 
 1.12350000e-08  1.80000000e+00  1.12350000e-08  4.94795760e-04 
 1.12450000e-08  1.80000000e+00  1.12450000e-08  4.88342391e-04 
 1.12550000e-08  1.80000000e+00  1.12550000e-08  4.81849172e-04 
 1.12650000e-08  1.80000000e+00  1.12650000e-08  4.75722772e-04 
 1.12750000e-08  1.80000000e+00  1.12750000e-08  4.69545226e-04 
 1.12850000e-08  1.80000000e+00  1.12850000e-08  4.63722065e-04 
 1.12950000e-08  1.80000000e+00  1.12950000e-08  4.57837626e-04 
 1.13050000e-08  1.80000000e+00  1.13050000e-08  4.52296203e-04 
 1.13150000e-08  1.80000000e+00  1.13150000e-08  4.46684400e-04 
 1.13250000e-08  1.80000000e+00  1.13250000e-08  4.41405185e-04 
 1.13350000e-08  1.80000000e+00  1.13350000e-08  4.36047405e-04 
 1.13450000e-08  1.80000000e+00  1.13450000e-08  4.31012622e-04 
 1.13550000e-08  1.80000000e+00  1.13550000e-08  4.25891903e-04 
 1.13650000e-08  1.80000000e+00  1.13650000e-08  4.21085337e-04 
 1.13750000e-08  1.80000000e+00  1.13750000e-08  4.16186191e-04 
 1.13850000e-08  1.80000000e+00  1.13850000e-08  4.11593020e-04 
 1.13950000e-08  1.80000000e+00  1.13950000e-08  4.06901276e-04 
 1.14050000e-08  1.80000000e+00  1.14050000e-08  4.02507926e-04 
 1.14150000e-08  1.80000000e+00  1.14150000e-08  3.98010595e-04 
 1.14250000e-08  1.80000000e+00  1.14250000e-08  3.93804612e-04 
 1.14350000e-08  1.80000000e+00  1.14350000e-08  3.89489764e-04 
 1.14450000e-08  1.80000000e+00  1.14450000e-08  3.85459701e-04 
 1.14550000e-08  1.80000000e+00  1.14550000e-08  3.81316362e-04 
 1.14650000e-08  1.80000000e+00  1.14650000e-08  3.77451678e-04 
 1.14750000e-08  1.80000000e+00  1.14750000e-08  3.73469734e-04 
 1.14850000e-08  1.80000000e+00  1.14850000e-08  3.69760710e-04 
 1.14950000e-08  1.80000000e+00  1.14950000e-08  3.65930828e-04 
 1.15050000e-08  1.80000000e+00  1.15050000e-08  3.62368484e-04 
 1.15150000e-08  1.80000000e+00  1.15150000e-08  3.58682034e-04 
 1.15250000e-08  1.80000000e+00  1.15250000e-08  3.55258065e-04 
 1.15350000e-08  1.80000000e+00  1.15350000e-08  3.51707058e-04 
 1.15450000e-08  1.80000000e+00  1.15450000e-08  3.48413769e-04 
 1.15550000e-08  1.80000000e+00  1.15550000e-08  3.44990798e-04 
 1.15650000e-08  1.80000000e+00  1.15650000e-08  3.41821049e-04 
 1.15750000e-08  1.80000000e+00  1.15750000e-08  3.38519238e-04 
 1.15850000e-08  1.80000000e+00  1.15850000e-08  3.35466397e-04 
 1.15950000e-08  1.80000000e+00  1.15950000e-08  3.32279353e-04 
 1.16050000e-08  1.80000000e+00  1.16050000e-08  3.29337250e-04 
 1.16150000e-08  1.80000000e+00  1.16150000e-08  3.26259021e-04 
 1.16250000e-08  1.80000000e+00  1.16250000e-08  3.23421910e-04 
 1.16350000e-08  1.80000000e+00  1.16350000e-08  3.20446950e-04 
 1.16450000e-08  1.80000000e+00  1.16450000e-08  3.17709471e-04 
 1.16550000e-08  1.80000000e+00  1.16550000e-08  3.14832605e-04 
 1.16650000e-08  1.80000000e+00  1.16650000e-08  3.12189755e-04 
 1.16750000e-08  1.80000000e+00  1.16750000e-08  3.09406146e-04 
 1.16850000e-08  1.80000000e+00  1.16850000e-08  3.06853249e-04 
 1.16950000e-08  1.80000000e+00  1.16950000e-08  3.04158375e-04 
 1.17050000e-08  1.80000000e+00  1.17050000e-08  3.01691055e-04 
 1.17150000e-08  1.80000000e+00  1.17150000e-08  2.99080681e-04 
 1.17250000e-08  1.80000000e+00  1.17250000e-08  2.96694839e-04 
 1.17350000e-08  1.80000000e+00  1.17350000e-08  2.94164995e-04 
 1.17450000e-08  1.80000000e+00  1.17450000e-08  2.91856788e-04 
 1.17550000e-08  1.80000000e+00  1.17550000e-08  2.89403750e-04 
 1.17650000e-08  1.80000000e+00  1.17650000e-08  2.87169569e-04 
 1.17750000e-08  1.80000000e+00  1.17750000e-08  2.84789840e-04 
 1.17850000e-08  1.80000000e+00  1.17850000e-08  2.82626296e-04 
 1.17950000e-08  1.80000000e+00  1.17950000e-08  2.80316588e-04 
 1.18050000e-08  1.80000000e+00  1.18050000e-08  2.78220492e-04 
 1.18150000e-08  1.80000000e+00  1.18150000e-08  2.75977710e-04 
 1.18250000e-08  1.80000000e+00  1.18250000e-08  2.73946062e-04 
 1.18350000e-08  1.80000000e+00  1.18350000e-08  2.71767293e-04 
 1.18450000e-08  1.80000000e+00  1.18450000e-08  2.69797266e-04 
 1.18550000e-08  1.80000000e+00  1.18550000e-08  2.67679762e-04 
 1.18650000e-08  1.80000000e+00  1.18650000e-08  2.65768691e-04 
 1.18750000e-08  1.80000000e+00  1.18750000e-08  2.63709860e-04 
 1.18850000e-08  1.80000000e+00  1.18850000e-08  2.61855229e-04 
 1.18950000e-08  1.80000000e+00  1.18950000e-08  2.59852624e-04 
 1.19050000e-08  1.80000000e+00  1.19050000e-08  2.58052057e-04 
 1.19150000e-08  1.80000000e+00  1.19150000e-08  2.56103366e-04 
 1.19250000e-08  1.80000000e+00  1.19250000e-08  2.54354617e-04 
 1.19350000e-08  1.80000000e+00  1.19350000e-08  2.52457652e-04 
 1.19450000e-08  1.80000000e+00  1.19450000e-08  2.50758597e-04 
 1.19550000e-08  1.80000000e+00  1.19550000e-08  2.48911288e-04 
 1.19650000e-08  1.80000000e+00  1.19650000e-08  2.47259916e-04 
 1.19750000e-08  1.80000000e+00  1.19750000e-08  2.45460302e-04 
 1.19850000e-08  1.80000000e+00  1.19850000e-08  2.43854708e-04 
 1.19950000e-08  1.80000000e+00  1.19950000e-08  2.42100931e-04 
 1.20050000e-08  1.80000000e+00  1.20050000e-08  2.40539308e-04 
 1.20150000e-08  1.80000000e+00  1.20150000e-08  2.38829605e-04 
 1.20250000e-08  1.80000000e+00  1.20250000e-08  2.37310240e-04 
 1.20350000e-08  1.80000000e+00  1.20350000e-08  2.35642938e-04 
 1.20450000e-08  1.80000000e+00  1.20450000e-08  2.34164205e-04 
 1.20550000e-08  1.80000000e+00  1.20550000e-08  2.32537713e-04 
 1.20650000e-08  1.80000000e+00  1.20650000e-08  2.31098066e-04 
 1.20750000e-08  1.80000000e+00  1.20750000e-08  2.29510876e-04 
 1.20850000e-08  1.80000000e+00  1.20850000e-08  2.28108846e-04 
 1.20950000e-08  1.80000000e+00  1.20950000e-08  2.26559520e-04 
 1.21050000e-08  1.80000000e+00  1.21050000e-08  2.25193711e-04 
 1.21150000e-08  1.80000000e+00  1.21150000e-08  2.23680882e-04 
 1.21250000e-08  1.80000000e+00  1.21250000e-08  2.22349964e-04 
 1.21350000e-08  1.80000000e+00  1.21350000e-08  2.20872330e-04 
 1.21450000e-08  1.80000000e+00  1.21450000e-08  2.19575038e-04 
 1.21550000e-08  1.80000000e+00  1.21550000e-08  2.18131358e-04 
 1.21650000e-08  1.80000000e+00  1.21650000e-08  2.16866485e-04 
 1.21750000e-08  1.80000000e+00  1.21750000e-08  2.15455578e-04 
 1.21850000e-08  1.80000000e+00  1.21850000e-08  2.14221974e-04 
 1.21950000e-08  1.80000000e+00  1.21950000e-08  2.12842711e-04 
 1.22050000e-08  1.80000000e+00  1.22050000e-08  2.11639280e-04 
 1.22150000e-08  1.80000000e+00  1.22150000e-08  2.10290584e-04 
 1.22250000e-08  1.80000000e+00  1.22250000e-08  2.09116279e-04 
 1.22350000e-08  1.80000000e+00  1.22350000e-08  2.07797123e-04 
 1.22450000e-08  1.80000000e+00  1.22450000e-08  2.06650944e-04 
 1.22550000e-08  1.80000000e+00  1.22550000e-08  2.05360346e-04 
 1.22650000e-08  1.80000000e+00  1.22650000e-08  2.04241338e-04 
 1.22750000e-08  1.80000000e+00  1.22750000e-08  2.02978359e-04 
 1.22850000e-08  1.80000000e+00  1.22850000e-08  2.01885609e-04 
 1.22950000e-08  1.80000000e+00  1.22950000e-08  2.00649350e-04 
 1.23050000e-08  1.80000000e+00  1.23050000e-08  1.99581987e-04 
 1.23150000e-08  1.80000000e+00  1.23150000e-08  1.98371589e-04 
 1.23250000e-08  1.80000000e+00  1.23250000e-08  1.97328776e-04 
 1.23350000e-08  1.80000000e+00  1.23350000e-08  1.96143418e-04 
 1.23450000e-08  1.80000000e+00  1.23450000e-08  1.95124355e-04 
 1.23550000e-08  1.80000000e+00  1.23550000e-08  1.93963248e-04 
 1.23650000e-08  1.80000000e+00  1.23650000e-08  1.92967170e-04 
 1.23750000e-08  1.80000000e+00  1.23750000e-08  1.91829560e-04 
 1.23850000e-08  1.80000000e+00  1.23850000e-08  1.90855734e-04 
 1.23950000e-08  1.80000000e+00  1.23950000e-08  1.89740897e-04 
 1.24050000e-08  1.80000000e+00  1.24050000e-08  1.88788619e-04 
 1.24150000e-08  1.80000000e+00  1.24150000e-08  1.87695861e-04 
 1.24250000e-08  1.80000000e+00  1.24250000e-08  1.86764457e-04 
 1.24350000e-08  1.80000000e+00  1.24350000e-08  1.85693112e-04 
 1.24450000e-08  1.80000000e+00  1.24450000e-08  1.84781935e-04 
 1.24550000e-08  1.80000000e+00  1.24550000e-08  1.83731363e-04 
 1.24650000e-08  1.80000000e+00  1.24650000e-08  1.82839793e-04 
 1.24750000e-08  1.80000000e+00  1.24750000e-08  1.81809382e-04 
 1.24850000e-08  1.80000000e+00  1.24850000e-08  1.80936822e-04 
 1.24950000e-08  1.80000000e+00  1.24950000e-08  1.79925980e-04 
 1.25050000e-08  1.80000000e+00  1.25050000e-08  1.79071859e-04 
 1.25150000e-08  1.80000000e+00  1.25150000e-08  1.78080020e-04 
 1.25250000e-08  1.80000000e+00  1.25250000e-08  1.77243787e-04 
 1.25350000e-08  1.80000000e+00  1.25350000e-08  1.76270407e-04 
 1.25450000e-08  1.80000000e+00  1.25450000e-08  1.75451532e-04 
 1.25550000e-08  1.80000000e+00  1.25550000e-08  1.74496086e-04 
 1.25650000e-08  1.80000000e+00  1.25650000e-08  1.73694062e-04 
 1.25750000e-08  1.80000000e+00  1.25750000e-08  1.72756046e-04 
 1.25850000e-08  1.80000000e+00  1.25850000e-08  1.71970384e-04 
 1.25950000e-08  1.80000000e+00  1.25950000e-08  1.71049312e-04 
 1.26050000e-08  1.80000000e+00  1.26050000e-08  1.70279540e-04 
 1.26150000e-08  1.80000000e+00  1.26150000e-08  1.69374945e-04 
 1.26250000e-08  1.80000000e+00  1.26250000e-08  1.68620611e-04 
 1.26350000e-08  1.80000000e+00  1.26350000e-08  1.67732043e-04 
 1.26450000e-08  1.80000000e+00  1.26450000e-08  1.66992711e-04 
 1.26550000e-08  1.80000000e+00  1.26550000e-08  1.66119735e-04 
 1.26650000e-08  1.80000000e+00  1.26650000e-08  1.65394984e-04 
 1.26750000e-08  1.80000000e+00  1.26750000e-08  1.64537182e-04 
 1.26850000e-08  1.80000000e+00  1.26850000e-08  1.63826607e-04 
 1.26950000e-08  1.80000000e+00  1.26950000e-08  1.62983577e-04 
 1.27050000e-08  1.80000000e+00  1.27050000e-08  1.62286788e-04 
 1.27150000e-08  1.80000000e+00  1.27150000e-08  1.61458139e-04 
 1.27250000e-08  1.80000000e+00  1.27250000e-08  1.60774759e-04 
 1.27350000e-08  1.80000000e+00  1.27350000e-08  1.59960118e-04 
 1.27450000e-08  1.80000000e+00  1.27450000e-08  1.59289784e-04 
 1.27550000e-08  1.80000000e+00  1.27550000e-08  1.58488787e-04 
 1.27650000e-08  1.80000000e+00  1.27650000e-08  1.57831149e-04 
 1.27750000e-08  1.80000000e+00  1.27750000e-08  1.57043446e-04 
 1.27850000e-08  1.80000000e+00  1.27850000e-08  1.56398166e-04 
 1.27950000e-08  1.80000000e+00  1.27950000e-08  1.55623420e-04 
 1.28050000e-08  1.80000000e+00  1.28050000e-08  1.54990171e-04 
 1.28150000e-08  1.80000000e+00  1.28150000e-08  1.54228056e-04 
 1.28250000e-08  1.80000000e+00  1.28250000e-08  1.53606523e-04 
 1.28350000e-08  1.80000000e+00  1.28350000e-08  1.52856723e-04 
 1.28450000e-08  1.80000000e+00  1.28450000e-08  1.52246601e-04 
 1.28550000e-08  1.80000000e+00  1.28550000e-08  1.51508811e-04 
 1.28650000e-08  1.80000000e+00  1.28650000e-08  1.50909807e-04 
 1.28750000e-08  1.80000000e+00  1.28750000e-08  1.50183732e-04 
 1.28850000e-08  1.80000000e+00  1.28850000e-08  1.49595560e-04 
 1.28950000e-08  1.80000000e+00  1.28950000e-08  1.48880916e-04 
 1.29050000e-08  1.80000000e+00  1.29050000e-08  1.48303301e-04 
 1.29150000e-08  1.80000000e+00  1.29150000e-08  1.47599811e-04 
 1.29250000e-08  1.80000000e+00  1.29250000e-08  1.47032489e-04 
 1.29350000e-08  1.80000000e+00  1.29350000e-08  1.46339886e-04 
 1.29450000e-08  1.80000000e+00  1.29450000e-08  1.45782598e-04 
 1.29550000e-08  1.80000000e+00  1.29550000e-08  1.45100624e-04 
 1.29650000e-08  1.80000000e+00  1.29650000e-08  1.44553122e-04 
 1.29750000e-08  1.80000000e+00  1.29750000e-08  1.43881527e-04 
 1.29850000e-08  1.80000000e+00  1.29850000e-08  1.43343569e-04 
 1.29950000e-08  1.80000000e+00  1.29950000e-08  1.42682110e-04 
 1.30050000e-08  1.80000000e+00  1.30050000e-08  1.42153463e-04 
 1.30150000e-08  1.80000000e+00  1.30150000e-08  1.41501906e-04 
 1.30250000e-08  1.80000000e+00  1.30250000e-08  1.40982345e-04 
 1.30350000e-08  1.80000000e+00  1.30350000e-08  1.40340462e-04 
 1.30450000e-08  1.80000000e+00  1.30450000e-08  1.39829768e-04 
 1.30550000e-08  1.80000000e+00  1.30550000e-08  1.39197337e-04 
 1.30650000e-08  1.80000000e+00  1.30650000e-08  1.38695298e-04 
 1.30750000e-08  1.80000000e+00  1.30750000e-08  1.38072108e-04 
 1.30850000e-08  1.80000000e+00  1.30850000e-08  1.37578518e-04 
 1.30950000e-08  1.80000000e+00  1.30950000e-08  1.36964360e-04 
 1.31050000e-08  1.80000000e+00  1.31050000e-08  1.36479021e-04 
 1.31150000e-08  1.80000000e+00  1.31150000e-08  1.35873693e-04 
 1.31250000e-08  1.80000000e+00  1.31250000e-08  1.35396413e-04 
 1.31350000e-08  1.80000000e+00  1.31350000e-08  1.34799721e-04 
 1.31450000e-08  1.80000000e+00  1.31450000e-08  1.34330310e-04 
 1.31550000e-08  1.80000000e+00  1.31550000e-08  1.33742065e-04 
 1.31650000e-08  1.80000000e+00  1.31650000e-08  1.33280344e-04 
 1.31750000e-08  1.80000000e+00  1.31750000e-08  1.32700361e-04 
 1.31850000e-08  1.80000000e+00  1.31850000e-08  1.32246153e-04 
 1.31950000e-08  1.80000000e+00  1.31950000e-08  1.31674254e-04 
 1.32050000e-08  1.80000000e+00  1.32050000e-08  1.31227388e-04 
 1.32150000e-08  1.80000000e+00  1.32150000e-08  1.30663400e-04 
 1.32250000e-08  1.80000000e+00  1.32250000e-08  1.30223711e-04 
 1.32350000e-08  1.80000000e+00  1.32350000e-08  1.29667465e-04 
 1.32450000e-08  1.80000000e+00  1.32450000e-08  1.29234791e-04 
 1.32550000e-08  1.80000000e+00  1.32550000e-08  1.28686125e-04 
 1.32650000e-08  1.80000000e+00  1.32650000e-08  1.28260310e-04 
 1.32750000e-08  1.80000000e+00  1.32750000e-08  1.27719064e-04 
 1.32850000e-08  1.80000000e+00  1.32850000e-08  1.27299956e-04 
 1.32950000e-08  1.80000000e+00  1.32950000e-08  1.26765976e-04 
 1.33050000e-08  1.80000000e+00  1.33050000e-08  1.26353428e-04 
 1.33150000e-08  1.80000000e+00  1.33150000e-08  1.25826563e-04 
 1.33250000e-08  1.80000000e+00  1.33250000e-08  1.25420432e-04 
 1.33350000e-08  1.80000000e+00  1.33350000e-08  1.24900536e-04 
 1.33450000e-08  1.80000000e+00  1.33450000e-08  1.24500683e-04 
 1.33550000e-08  1.80000000e+00  1.33550000e-08  1.23987615e-04 
 1.33650000e-08  1.80000000e+00  1.33650000e-08  1.23593904e-04 
 1.33750000e-08  1.80000000e+00  1.33750000e-08  1.23087525e-04 
 1.33850000e-08  1.80000000e+00  1.33850000e-08  1.22699825e-04 
 1.33950000e-08  1.80000000e+00  1.33950000e-08  1.22200001e-04 
 1.34050000e-08  1.80000000e+00  1.34050000e-08  1.21818184e-04 
 1.34150000e-08  1.80000000e+00  1.34150000e-08  1.21324784e-04 
 1.34250000e-08  1.80000000e+00  1.34250000e-08  1.20948725e-04 
 1.34350000e-08  1.80000000e+00  1.34350000e-08  1.20461623e-04 
 1.34450000e-08  1.80000000e+00  1.34450000e-08  1.20091202e-04 
 1.34550000e-08  1.80000000e+00  1.34550000e-08  1.19610273e-04 
 1.34650000e-08  1.80000000e+00  1.34650000e-08  1.19245372e-04 
 1.34750000e-08  1.80000000e+00  1.34750000e-08  1.18770496e-04 
 1.34850000e-08  1.80000000e+00  1.34850000e-08  1.18411000e-04 
 1.34950000e-08  1.80000000e+00  1.34950000e-08  1.17942059e-04 
 1.35050000e-08  1.80000000e+00  1.35050000e-08  1.17587857e-04 
 1.35150000e-08  1.80000000e+00  1.35150000e-08  1.17124737e-04 
 1.35250000e-08  1.80000000e+00  1.35250000e-08  1.16775721e-04 
 1.35350000e-08  1.80000000e+00  1.35350000e-08  1.16318310e-04 
 1.35450000e-08  1.80000000e+00  1.35450000e-08  1.15974374e-04 
 1.35550000e-08  1.80000000e+00  1.35550000e-08  1.15522564e-04 
 1.35650000e-08  1.80000000e+00  1.35650000e-08  1.15183605e-04 
 1.35750000e-08  1.80000000e+00  1.35750000e-08  1.14737290e-04 
 1.35850000e-08  1.80000000e+00  1.35850000e-08  1.14403209e-04 
 1.35950000e-08  1.80000000e+00  1.35950000e-08  1.13962285e-04 
 1.36050000e-08  1.80000000e+00  1.36050000e-08  1.13632984e-04 
 1.36150000e-08  1.80000000e+00  1.36150000e-08  1.13197352e-04 
 1.36250000e-08  1.80000000e+00  1.36250000e-08  1.12872735e-04 
 1.36350000e-08  1.80000000e+00  1.36350000e-08  1.12442296e-04 
 1.36450000e-08  1.80000000e+00  1.36450000e-08  1.12122272e-04 
 1.36550000e-08  1.80000000e+00  1.36550000e-08  1.11696931e-04 
 1.36650000e-08  1.80000000e+00  1.36650000e-08  1.11381408e-04 
 1.36750000e-08  1.80000000e+00  1.36750000e-08  1.10961072e-04 
 1.36850000e-08  1.80000000e+00  1.36850000e-08  1.10649964e-04 
 1.36950000e-08  1.80000000e+00  1.36950000e-08  1.10234541e-04 
 1.37050000e-08  1.80000000e+00  1.37050000e-08  1.09927761e-04 
 1.37150000e-08  1.80000000e+00  1.37150000e-08  1.09517164e-04 
 1.37250000e-08  1.80000000e+00  1.37250000e-08  1.09214629e-04 
 1.37350000e-08  1.80000000e+00  1.37350000e-08  1.08808770e-04 
 1.37450000e-08  1.80000000e+00  1.37450000e-08  1.08510398e-04 
 1.37550000e-08  1.80000000e+00  1.37550000e-08  1.08109193e-04 
 1.37650000e-08  1.80000000e+00  1.37650000e-08  1.07814906e-04 
 1.37750000e-08  1.80000000e+00  1.37750000e-08  1.07418272e-04 
 1.37850000e-08  1.80000000e+00  1.37850000e-08  1.07127992e-04 
 1.37950000e-08  1.80000000e+00  1.37950000e-08  1.06735849e-04 
 1.38050000e-08  1.80000000e+00  1.38050000e-08  1.06449500e-04 
 1.38150000e-08  1.80000000e+00  1.38150000e-08  1.06061769e-04 
 1.38250000e-08  1.80000000e+00  1.38250000e-08  1.05779277e-04 
 1.38350000e-08  1.80000000e+00  1.38350000e-08  1.05395883e-04 
 1.38450000e-08  1.80000000e+00  1.38450000e-08  1.05117176e-04 
 1.38550000e-08  1.80000000e+00  1.38550000e-08  1.04738042e-04 
 1.38650000e-08  1.80000000e+00  1.38650000e-08  1.04463051e-04 
 1.38750000e-08  1.80000000e+00  1.38750000e-08  1.04088105e-04 
 1.38850000e-08  1.80000000e+00  1.38850000e-08  1.03816760e-04 
 1.38950000e-08  1.80000000e+00  1.38950000e-08  1.03445930e-04 
 1.39050000e-08  1.80000000e+00  1.39050000e-08  1.03178165e-04 
 1.39150000e-08  1.80000000e+00  1.39150000e-08  1.02811381e-04 
 1.39250000e-08  1.80000000e+00  1.39250000e-08  1.02547131e-04 
 1.39350000e-08  1.80000000e+00  1.39350000e-08  1.02184325e-04 
 1.39450000e-08  1.80000000e+00  1.39450000e-08  1.01923526e-04 
 1.39550000e-08  1.80000000e+00  1.39550000e-08  1.01564631e-04 
 1.39650000e-08  1.80000000e+00  1.39650000e-08  1.01307220e-04 
 1.39750000e-08  1.80000000e+00  1.39750000e-08  1.00952171e-04 
 1.39850000e-08  1.80000000e+00  1.39850000e-08  1.00698088e-04 
 1.39950000e-08  1.80000000e+00  1.39950000e-08  1.00346821e-04 
 1.40050000e-08  1.80000000e+00  1.40050000e-08  1.00096006e-04 
 1.40150000e-08  1.80000000e+00  1.40150000e-08  9.97484586e-05 
 1.40250000e-08  1.80000000e+00  1.40250000e-08  9.95008540e-05 
 1.40350000e-08  1.80000000e+00  1.40350000e-08  9.91569658e-05 
 1.40450000e-08  1.80000000e+00  1.40450000e-08  9.89125146e-05 
 1.40550000e-08  1.80000000e+00  1.40550000e-08  9.85722257e-05 
 1.40650000e-08  1.80000000e+00  1.40650000e-08  9.83308726e-05 
 1.40750000e-08  1.80000000e+00  1.40750000e-08  9.79941247e-05 
 1.40850000e-08  1.80000000e+00  1.40850000e-08  9.77558154e-05 
 1.40950000e-08  1.80000000e+00  1.40950000e-08  9.74225515e-05 
 1.41050000e-08  1.80000000e+00  1.41050000e-08  9.71872332e-05 
 1.41150000e-08  1.80000000e+00  1.41150000e-08  9.68573974e-05 
 1.41250000e-08  1.80000000e+00  1.41250000e-08  9.66250182e-05 
 1.41350000e-08  1.80000000e+00  1.41350000e-08  9.62985560e-05 
 1.41450000e-08  1.80000000e+00  1.41450000e-08  9.60690654e-05 
 1.41550000e-08  1.80000000e+00  1.41550000e-08  9.57459234e-05 
 1.41650000e-08  1.80000000e+00  1.41650000e-08  9.55192718e-05 
 1.41750000e-08  1.80000000e+00  1.41750000e-08  9.51993976e-05 
 1.41850000e-08  1.80000000e+00  1.41850000e-08  9.49755367e-05 
 1.41950000e-08  1.80000000e+00  1.41950000e-08  9.46588793e-05 
 1.42050000e-08  1.80000000e+00  1.42050000e-08  9.44377617e-05 
 1.42150000e-08  1.80000000e+00  1.42150000e-08  9.41242708e-05 
 1.42250000e-08  1.80000000e+00  1.42250000e-08  9.39058503e-05 
 1.42350000e-08  1.80000000e+00  1.42350000e-08  9.35954770e-05 
 1.42450000e-08  1.80000000e+00  1.42450000e-08  9.33797082e-05 
 1.42550000e-08  1.80000000e+00  1.42550000e-08  9.30724044e-05 
 1.42650000e-08  1.80000000e+00  1.42650000e-08  9.28592431e-05 
 1.42750000e-08  1.80000000e+00  1.42750000e-08  9.25549618e-05 
 1.42850000e-08  1.80000000e+00  1.42850000e-08  9.23443645e-05 
 1.42950000e-08  1.80000000e+00  1.42950000e-08  9.20430597e-05 
 1.43050000e-08  1.80000000e+00  1.43050000e-08  9.18349841e-05 
 1.43150000e-08  1.80000000e+00  1.43150000e-08  9.15366107e-05 
 1.43250000e-08  1.80000000e+00  1.43250000e-08  9.13310152e-05 
 1.43350000e-08  1.80000000e+00  1.43350000e-08  9.10355289e-05 
 1.43450000e-08  1.80000000e+00  1.43450000e-08  9.08323728e-05 
 1.43550000e-08  1.80000000e+00  1.43550000e-08  9.05397304e-05 
 1.43650000e-08  1.80000000e+00  1.43650000e-08  9.03389741e-05 
 1.43750000e-08  1.80000000e+00  1.43750000e-08  9.00491331e-05 
 1.43850000e-08  1.80000000e+00  1.43850000e-08  8.98507375e-05 
 1.43950000e-08  1.80000000e+00  1.43950000e-08  8.95636564e-05 
 1.44050000e-08  1.80000000e+00  1.44050000e-08  8.93675834e-05 
 1.44150000e-08  1.80000000e+00  1.44150000e-08  8.90832214e-05 
 1.44250000e-08  1.80000000e+00  1.44250000e-08  8.88894338e-05 
 1.44350000e-08  1.80000000e+00  1.44350000e-08  8.86077510e-05 
 1.44450000e-08  1.80000000e+00  1.44450000e-08  8.84162120e-05 
 1.44550000e-08  1.80000000e+00  1.44550000e-08  8.81371693e-05 
 1.44650000e-08  1.80000000e+00  1.44650000e-08  8.79478432e-05 
 1.44750000e-08  1.80000000e+00  1.44750000e-08  8.76714023e-05 
 1.44850000e-08  1.80000000e+00  1.44850000e-08  8.74842540e-05 
 1.44950000e-08  1.80000000e+00  1.44950000e-08  8.72103771e-05 
 1.45050000e-08  1.80000000e+00  1.45050000e-08  8.70253722e-05 
 1.45150000e-08  1.80000000e+00  1.45150000e-08  8.67540226e-05 
 1.45250000e-08  1.80000000e+00  1.45250000e-08  8.65711275e-05 
 1.45350000e-08  1.80000000e+00  1.45350000e-08  8.63022689e-05 
 1.45450000e-08  1.80000000e+00  1.45450000e-08  8.61214506e-05 
 1.45550000e-08  1.80000000e+00  1.45550000e-08  8.58550476e-05 
 1.45650000e-08  1.80000000e+00  1.45650000e-08  8.56762737e-05 
 1.45750000e-08  1.80000000e+00  1.45750000e-08  8.54122916e-05 
 1.45850000e-08  1.80000000e+00  1.45850000e-08  8.52355304e-05 
 1.45950000e-08  1.80000000e+00  1.45950000e-08  8.49739350e-05 
 1.46050000e-08  1.80000000e+00  1.46050000e-08  8.47991555e-05 
 1.46150000e-08  1.80000000e+00  1.46150000e-08  8.45399133e-05 
 1.46250000e-08  1.80000000e+00  1.46250000e-08  8.43670851e-05 
 1.46350000e-08  1.80000000e+00  1.46350000e-08  8.41101633e-05 
 1.46450000e-08  1.80000000e+00  1.46450000e-08  8.39392565e-05 
 1.46550000e-08  1.80000000e+00  1.46550000e-08  8.36846230e-05 
 1.46650000e-08  1.80000000e+00  1.46650000e-08  8.35156083e-05 
 1.46750000e-08  1.80000000e+00  1.46750000e-08  8.32632313e-05 
 1.46850000e-08  1.80000000e+00  1.46850000e-08  8.30960802e-05 
 1.46950000e-08  1.80000000e+00  1.46950000e-08  8.28459288e-05 
 1.47050000e-08  1.80000000e+00  1.47050000e-08  8.26806130e-05 
 1.47150000e-08  1.80000000e+00  1.47150000e-08  8.24326567e-05 
 1.47250000e-08  1.80000000e+00  1.47250000e-08  8.22691487e-05 
 1.47350000e-08  1.80000000e+00  1.47350000e-08  8.20233576e-05 
 1.47450000e-08  1.80000000e+00  1.47450000e-08  8.18616304e-05 
 1.47550000e-08  1.80000000e+00  1.47550000e-08  8.16179752e-05 
 1.47650000e-08  1.80000000e+00  1.47650000e-08  8.14580023e-05 
 1.47750000e-08  1.80000000e+00  1.47750000e-08  8.12164541e-05 
 1.47850000e-08  1.80000000e+00  1.47850000e-08  8.10582094e-05 
 1.47950000e-08  1.80000000e+00  1.47950000e-08  8.08187400e-05 
 1.48050000e-08  1.80000000e+00  1.48050000e-08  8.06621980e-05 
 1.48150000e-08  1.80000000e+00  1.48150000e-08  8.04247797e-05 
 1.48250000e-08  1.80000000e+00  1.48250000e-08  8.02699154e-05 
 1.48350000e-08  1.80000000e+00  1.48350000e-08  8.00345209e-05 
 1.48450000e-08  1.80000000e+00  1.48450000e-08  7.98813096e-05 
 1.48550000e-08  1.80000000e+00  1.48550000e-08  7.96479121e-05 
 1.48650000e-08  1.80000000e+00  1.48650000e-08  7.94963299e-05 
 1.48750000e-08  1.80000000e+00  1.48750000e-08  7.92649031e-05 
 1.48850000e-08  1.80000000e+00  1.48850000e-08  7.91149262e-05 
 1.48950000e-08  1.80000000e+00  1.48950000e-08  7.88854443e-05 
 1.49050000e-08  1.80000000e+00  1.49050000e-08  7.87370495e-05 
 1.49150000e-08  1.80000000e+00  1.49150000e-08  7.85094872e-05 
 1.49250000e-08  1.80000000e+00  1.49250000e-08  7.83626518e-05 
 1.49350000e-08  1.80000000e+00  1.49350000e-08  7.81369840e-05 
 1.49450000e-08  1.80000000e+00  1.49450000e-08  7.79916856e-05 
 1.49550000e-08  1.80000000e+00  1.49550000e-08  7.77678880e-05 
 1.49650000e-08  1.80000000e+00  1.49650000e-08  7.76241046e-05 
 1.49750000e-08  1.80000000e+00  1.49750000e-08  7.74021530e-05 
 1.49850000e-08  1.80000000e+00  1.49850000e-08  7.72598631e-05 
 1.49950000e-08  1.80000000e+00  1.49950000e-08  7.70397340e-05 
 1.50000000e-08  1.80000000e+00  1.50000000e-08  7.69887837e-05 
