 0.00000000e+00  0.00000000e+00  0.00000000e+00  1.80000000e+00 
 1.00000000e-13  0.00000000e+00  1.00000000e-13  1.80024413e+00 
 2.00000000e-13  0.00000000e+00  2.00000000e-13  1.80045071e+00 
 4.00000000e-13  0.00000000e+00  4.00000000e-13  1.80082658e+00 
 8.00000000e-13  0.00000000e+00  8.00000000e-13  1.80149370e+00 
 1.60000000e-12  0.00000000e+00  1.60000000e-12  1.80280785e+00 
 3.20000000e-12  0.00000000e+00  3.20000000e-12  1.80540544e+00 
 6.40000000e-12  0.00000000e+00  6.40000000e-12  1.81015051e+00 
 1.28000000e-11  0.00000000e+00  1.28000000e-11  1.81719479e+00 
 2.28000000e-11  0.00000000e+00  2.28000000e-11  1.82353254e+00 
 3.28000000e-11  0.00000000e+00  3.28000000e-11  1.82681799e+00 
 4.28000000e-11  0.00000000e+00  4.28000000e-11  1.82879231e+00 
 5.28000000e-11  0.00000000e+00  5.28000000e-11  1.83022180e+00 
 6.28000000e-11  0.00000000e+00  6.28000000e-11  1.83144416e+00 
 7.28000000e-11  0.00000000e+00  7.28000000e-11  1.83263178e+00 
 8.28000000e-11  0.00000000e+00  8.28000000e-11  1.83385758e+00 
 9.28000000e-11  0.00000000e+00  9.28000000e-11  1.83517598e+00 
 1.02800000e-10  0.00000000e+00  1.02800000e-10  1.83660886e+00 
 1.12800000e-10  0.00000000e+00  1.12800000e-10  1.83818676e+00 
 1.22800000e-10  0.00000000e+00  1.22800000e-10  1.83992240e+00 
 1.32800000e-10  0.00000000e+00  1.32800000e-10  1.84183909e+00 
 1.42800000e-10  0.00000000e+00  1.42800000e-10  1.84394133e+00 
 1.52800000e-10  0.00000000e+00  1.52800000e-10  1.84623086e+00 
 1.62800000e-10  0.00000000e+00  1.62800000e-10  1.84866826e+00 
 1.72800000e-10  0.00000000e+00  1.72800000e-10  1.85117125e+00 
 1.82800000e-10  0.00000000e+00  1.82800000e-10  1.85357328e+00 
 1.92800000e-10  0.00000000e+00  1.92800000e-10  1.85563591e+00 
 2.02800000e-10  0.00000000e+00  2.02800000e-10  1.85705127e+00 
 2.12800000e-10  0.00000000e+00  2.12800000e-10  1.85748552e+00 
 2.22800000e-10  0.00000000e+00  2.22800000e-10  1.85657014e+00 
 2.32800000e-10  0.00000000e+00  2.32800000e-10  1.85387678e+00 
 2.42800000e-10  0.00000000e+00  2.42800000e-10  1.84991309e+00 
 2.52800000e-10  0.00000000e+00  2.52800000e-10  1.84350128e+00 
 2.62800000e-10  0.00000000e+00  2.62800000e-10  1.83348351e+00 
 2.72800000e-10  0.00000000e+00  2.72800000e-10  1.81813507e+00 
 2.82800000e-10  0.00000000e+00  2.82800000e-10  1.79348676e+00 
 2.92800000e-10  0.00000000e+00  2.92800000e-10  1.75069401e+00 
 3.02800000e-10  0.00000000e+00  3.02800000e-10  1.68297541e+00 
 3.12800000e-10  0.00000000e+00  3.12800000e-10  1.59426946e+00 
 3.22800000e-10  0.00000000e+00  3.22800000e-10  1.48794852e+00 
 3.32800000e-10  0.00000000e+00  3.32800000e-10  1.36526155e+00 
 3.42800000e-10  0.00000000e+00  3.42800000e-10  1.22662187e+00 
 3.52800000e-10  0.00000000e+00  3.52800000e-10  1.07235172e+00 
 3.62800000e-10  0.00000000e+00  3.62800000e-10  9.02995692e-01 
 3.72800000e-10  0.00000000e+00  3.72800000e-10  7.20138446e-01 
 3.82800000e-10  0.00000000e+00  3.82800000e-10  5.28316824e-01 
 3.92800000e-10  0.00000000e+00  3.92800000e-10  3.53812217e-01 
 4.02800000e-10  0.00000000e+00  4.02800000e-10  2.26134642e-01 
 4.12800000e-10  0.00000000e+00  4.12800000e-10  1.42314401e-01 
 4.22800000e-10  0.00000000e+00  4.22800000e-10  9.04220825e-02 
 4.32800000e-10  0.00000000e+00  4.32800000e-10  6.02619247e-02 
 4.42800000e-10  0.00000000e+00  4.42800000e-10  4.29330040e-02 
 4.52800000e-10  0.00000000e+00  4.52800000e-10  3.31445418e-02 
 4.62800000e-10  0.00000000e+00  4.62800000e-10  2.74180271e-02 
 4.72800000e-10  0.00000000e+00  4.72800000e-10  2.40106158e-02 
 4.82800000e-10  0.00000000e+00  4.82800000e-10  2.18252412e-02 
 4.92800000e-10  0.00000000e+00  4.92800000e-10  2.03603721e-02 
 5.00000000e-10  0.00000000e+00  5.00000000e-10  1.95555453e-02 
 5.01000000e-10  0.00000000e+00  5.01000000e-10  1.82521950e-02 
 5.03000000e-10  0.00000000e+00  5.03000000e-10  1.59728627e-02 
 5.07000000e-10  0.00000000e+00  5.07000000e-10  1.22268361e-02 
 5.15000000e-10  0.00000000e+00  5.15000000e-10  7.08624341e-03 
 5.25000000e-10  0.00000000e+00  5.25000000e-10  3.62040691e-03 
 5.35000000e-10  0.00000000e+00  5.35000000e-10  1.88561759e-03 
 5.45000000e-10  0.00000000e+00  5.45000000e-10  1.05299872e-03 
 5.55000000e-10  0.00000000e+00  5.55000000e-10  6.15676239e-04 
 5.65000000e-10  0.00000000e+00  5.65000000e-10  4.20981663e-04 
 5.75000000e-10  0.00000000e+00  5.75000000e-10  3.01072199e-04 
 5.85000000e-10  0.00000000e+00  5.85000000e-10  2.61789175e-04 
 5.95000000e-10  0.00000000e+00  5.95000000e-10  2.21367900e-04 
 6.05000000e-10  0.00000000e+00  6.05000000e-10  2.20008994e-04 
 6.15000000e-10  0.00000000e+00  6.15000000e-10  2.00633676e-04 
 6.25000000e-10  0.00000000e+00  6.25000000e-10  2.08137527e-04 
 6.35000000e-10  0.00000000e+00  6.35000000e-10  1.95072928e-04 
 6.45000000e-10  0.00000000e+00  6.45000000e-10  2.04130326e-04 
 6.55000000e-10  0.00000000e+00  6.55000000e-10  1.93508438e-04 
 6.65000000e-10  0.00000000e+00  6.65000000e-10  2.02281246e-04 
 6.75000000e-10  0.00000000e+00  6.75000000e-10  1.93007196e-04 
 6.85000000e-10  0.00000000e+00  6.85000000e-10  2.01066788e-04 
 6.95000000e-10  0.00000000e+00  6.95000000e-10  1.92777540e-04 
 7.05000000e-10  0.00000000e+00  7.05000000e-10  2.00065425e-04 
 7.15000000e-10  0.00000000e+00  7.15000000e-10  1.92600922e-04 
 7.25000000e-10  0.00000000e+00  7.25000000e-10  1.99155095e-04 
 7.35000000e-10  0.00000000e+00  7.35000000e-10  1.92416694e-04 
 7.45000000e-10  0.00000000e+00  7.45000000e-10  1.98297487e-04 
 7.55000000e-10  0.00000000e+00  7.55000000e-10  1.92209852e-04 
 7.65000000e-10  0.00000000e+00  7.65000000e-10  1.97479729e-04 
 7.75000000e-10  0.00000000e+00  7.75000000e-10  1.91977593e-04 
 7.85000000e-10  0.00000000e+00  7.85000000e-10  1.96695144e-04 
 7.95000000e-10  0.00000000e+00  7.95000000e-10  1.91720909e-04 
 8.05000000e-10  0.00000000e+00  8.05000000e-10  1.95939955e-04 
 8.15000000e-10  0.00000000e+00  8.15000000e-10  1.91441918e-04 
 8.25000000e-10  0.00000000e+00  8.25000000e-10  1.95211330e-04 
 8.35000000e-10  0.00000000e+00  8.35000000e-10  1.91142870e-04 
 8.45000000e-10  0.00000000e+00  8.45000000e-10  1.94506857e-04 
 8.55000000e-10  0.00000000e+00  8.55000000e-10  1.90825901e-04 
 8.65000000e-10  0.00000000e+00  8.65000000e-10  1.93824397e-04 
 8.75000000e-10  0.00000000e+00  8.75000000e-10  1.90492974e-04 
 8.85000000e-10  0.00000000e+00  8.85000000e-10  1.93162024e-04 
 8.95000000e-10  0.00000000e+00  8.95000000e-10  1.90145870e-04 
 9.05000000e-10  0.00000000e+00  9.05000000e-10  1.92517999e-04 
 9.15000000e-10  0.00000000e+00  9.15000000e-10  1.89786203e-04 
 9.25000000e-10  0.00000000e+00  9.25000000e-10  1.91890752e-04 
 9.35000000e-10  0.00000000e+00  9.35000000e-10  1.89415429e-04 
 9.45000000e-10  0.00000000e+00  9.45000000e-10  1.91278863e-04 
 9.55000000e-10  0.00000000e+00  9.55000000e-10  1.89034860e-04 
 9.65000000e-10  0.00000000e+00  9.65000000e-10  1.90681050e-04 
 9.75000000e-10  0.00000000e+00  9.75000000e-10  1.88645680e-04 
 9.85000000e-10  0.00000000e+00  9.85000000e-10  1.90096152e-04 
 9.95000000e-10  0.00000000e+00  9.95000000e-10  1.88248956e-04 
 1.00500000e-09  0.00000000e+00  1.00500000e-09  1.89523125e-04 
 1.01500000e-09  0.00000000e+00  1.01500000e-09  1.87845645e-04 
 1.02500000e-09  0.00000000e+00  1.02500000e-09  1.88961023e-04 
 1.03500000e-09  0.00000000e+00  1.03500000e-09  1.87436613e-04 
 1.04500000e-09  0.00000000e+00  1.04500000e-09  1.88408993e-04 
 1.05500000e-09  0.00000000e+00  1.05500000e-09  1.87022634e-04 
 1.06500000e-09  0.00000000e+00  1.06500000e-09  1.87866264e-04 
 1.07500000e-09  0.00000000e+00  1.07500000e-09  1.86604407e-04 
 1.08500000e-09  0.00000000e+00  1.08500000e-09  1.87332141e-04 
 1.09500000e-09  0.00000000e+00  1.09500000e-09  1.86182560e-04 
 1.10500000e-09  0.00000000e+00  1.10500000e-09  1.86805994e-04 
 1.11500000e-09  0.00000000e+00  1.11500000e-09  1.85757656e-04 
 1.12500000e-09  0.00000000e+00  1.12500000e-09  1.86287256e-04 
 1.13500000e-09  0.00000000e+00  1.13500000e-09  1.85330204e-04 
 1.14500000e-09  0.00000000e+00  1.14500000e-09  1.85775413e-04 
 1.15500000e-09  0.00000000e+00  1.15500000e-09  1.84900658e-04 
 1.16500000e-09  0.00000000e+00  1.16500000e-09  1.85270000e-04 
 1.17500000e-09  0.00000000e+00  1.17500000e-09  1.84469427e-04 
 1.18500000e-09  0.00000000e+00  1.18500000e-09  1.84770598e-04 
 1.19500000e-09  0.00000000e+00  1.19500000e-09  1.84036879e-04 
 1.20500000e-09  0.00000000e+00  1.20500000e-09  1.84276827e-04 
 1.21500000e-09  0.00000000e+00  1.21500000e-09  1.83603342e-04 
 1.22500000e-09  0.00000000e+00  1.22500000e-09  1.83788342e-04 
 1.23500000e-09  0.00000000e+00  1.23500000e-09  1.83169114e-04 
 1.24500000e-09  0.00000000e+00  1.24500000e-09  1.83304831e-04 
 1.25500000e-09  0.00000000e+00  1.25500000e-09  1.82734460e-04 
 1.26500000e-09  0.00000000e+00  1.26500000e-09  1.82826012e-04 
 1.27500000e-09  0.00000000e+00  1.27500000e-09  1.82299618e-04 
 1.28500000e-09  0.00000000e+00  1.28500000e-09  1.82351627e-04 
 1.29500000e-09  0.00000000e+00  1.29500000e-09  1.81864802e-04 
 1.30500000e-09  0.00000000e+00  1.30500000e-09  1.81881445e-04 
 1.31500000e-09  0.00000000e+00  1.31500000e-09  1.81430203e-04 
 1.32500000e-09  0.00000000e+00  1.32500000e-09  1.81415253e-04 
 1.33500000e-09  0.00000000e+00  1.33500000e-09  1.80995993e-04 
 1.34500000e-09  0.00000000e+00  1.34500000e-09  1.80952859e-04 
 1.35500000e-09  0.00000000e+00  1.35500000e-09  1.80562325e-04 
 1.36500000e-09  0.00000000e+00  1.36500000e-09  1.80494087e-04 
 1.37500000e-09  0.00000000e+00  1.37500000e-09  1.80129337e-04 
 1.38500000e-09  0.00000000e+00  1.38500000e-09  1.80038778e-04 
 1.39500000e-09  0.00000000e+00  1.39500000e-09  1.79697152e-04 
 1.40500000e-09  0.00000000e+00  1.40500000e-09  1.79586786e-04 
 1.41500000e-09  0.00000000e+00  1.41500000e-09  1.79265881e-04 
 1.42500000e-09  0.00000000e+00  1.42500000e-09  1.79137979e-04 
 1.43500000e-09  0.00000000e+00  1.43500000e-09  1.78835620e-04 
 1.44500000e-09  0.00000000e+00  1.44500000e-09  1.78692235e-04 
 1.45500000e-09  0.00000000e+00  1.45500000e-09  1.78406458e-04 
 1.46500000e-09  0.00000000e+00  1.46500000e-09  1.78249443e-04 
 1.47500000e-09  0.00000000e+00  1.47500000e-09  1.77978472e-04 
 1.48500000e-09  0.00000000e+00  1.48500000e-09  1.77809501e-04 
 1.49500000e-09  0.00000000e+00  1.49500000e-09  1.77551733e-04 
 1.50500000e-09  0.00000000e+00  1.50500000e-09  1.77372316e-04 
 1.51500000e-09  0.00000000e+00  1.51500000e-09  1.77126301e-04 
 1.52500000e-09  0.00000000e+00  1.52500000e-09  1.76937802e-04 
 1.53500000e-09  0.00000000e+00  1.53500000e-09  1.76702230e-04 
 1.54500000e-09  0.00000000e+00  1.54500000e-09  1.76505880e-04 
 1.55500000e-09  0.00000000e+00  1.55500000e-09  1.76279571e-04 
 1.56500000e-09  0.00000000e+00  1.56500000e-09  1.76076478e-04 
 1.57500000e-09  0.00000000e+00  1.57500000e-09  1.75858363e-04 
 1.58500000e-09  0.00000000e+00  1.58500000e-09  1.75649530e-04 
 1.59500000e-09  0.00000000e+00  1.59500000e-09  1.75438646e-04 
 1.60500000e-09  0.00000000e+00  1.60500000e-09  1.75224972e-04 
 1.61500000e-09  0.00000000e+00  1.61500000e-09  1.75020452e-04 
 1.62500000e-09  0.00000000e+00  1.62500000e-09  1.74802750e-04 
 1.63500000e-09  0.00000000e+00  1.63500000e-09  1.74603809e-04 
 1.64500000e-09  0.00000000e+00  1.64500000e-09  1.74382808e-04 
 1.65500000e-09  0.00000000e+00  1.65500000e-09  1.74188742e-04 
 1.66500000e-09  0.00000000e+00  1.66500000e-09  1.73965099e-04 
 1.67500000e-09  0.00000000e+00  1.67500000e-09  1.73775273e-04 
 1.68500000e-09  0.00000000e+00  1.68500000e-09  1.73549577e-04 
 1.69500000e-09  0.00000000e+00  1.69500000e-09  1.73363419e-04 
 1.70500000e-09  0.00000000e+00  1.70500000e-09  1.73136199e-04 
 1.71500000e-09  0.00000000e+00  1.71500000e-09  1.72953196e-04 
 1.72500000e-09  0.00000000e+00  1.72500000e-09  1.72724927e-04 
 1.73500000e-09  0.00000000e+00  1.73500000e-09  1.72544617e-04 
 1.74500000e-09  0.00000000e+00  1.74500000e-09  1.72315723e-04 
 1.75500000e-09  0.00000000e+00  1.75500000e-09  1.72137693e-04 
 1.76500000e-09  0.00000000e+00  1.76500000e-09  1.71908552e-04 
 1.77500000e-09  0.00000000e+00  1.77500000e-09  1.71732433e-04 
 1.78500000e-09  0.00000000e+00  1.78500000e-09  1.71503383e-04 
 1.79500000e-09  0.00000000e+00  1.79500000e-09  1.71328842e-04 
 1.80500000e-09  0.00000000e+00  1.80500000e-09  1.71100185e-04 
 1.81500000e-09  0.00000000e+00  1.81500000e-09  1.70926927e-04 
 1.82500000e-09  0.00000000e+00  1.82500000e-09  1.70698930e-04 
 1.83500000e-09  0.00000000e+00  1.83500000e-09  1.70526691e-04 
 1.84500000e-09  0.00000000e+00  1.84500000e-09  1.70299590e-04 
 1.85500000e-09  0.00000000e+00  1.85500000e-09  1.70128135e-04 
 1.86500000e-09  0.00000000e+00  1.86500000e-09  1.69902141e-04 
 1.87500000e-09  0.00000000e+00  1.87500000e-09  1.69731262e-04 
 1.88500000e-09  0.00000000e+00  1.88500000e-09  1.69506557e-04 
 1.89500000e-09  0.00000000e+00  1.89500000e-09  1.69336070e-04 
 1.90500000e-09  0.00000000e+00  1.90500000e-09  1.69112817e-04 
 1.91500000e-09  0.00000000e+00  1.91500000e-09  1.68942559e-04 
 1.92500000e-09  0.00000000e+00  1.92500000e-09  1.68720899e-04 
 1.93500000e-09  0.00000000e+00  1.93500000e-09  1.68550727e-04 
 1.94500000e-09  0.00000000e+00  1.94500000e-09  1.68330783e-04 
 1.95500000e-09  0.00000000e+00  1.95500000e-09  1.68160570e-04 
 1.96500000e-09  0.00000000e+00  1.96500000e-09  1.67942448e-04 
 1.97500000e-09  0.00000000e+00  1.97500000e-09  1.67772086e-04 
 1.98500000e-09  0.00000000e+00  1.98500000e-09  1.67555876e-04 
 1.99500000e-09  0.00000000e+00  1.99500000e-09  1.67385270e-04 
 2.00500000e-09  0.00000000e+00  2.00500000e-09  1.67171050e-04 
 2.01500000e-09  0.00000000e+00  2.01500000e-09  1.67000118e-04 
 2.02500000e-09  0.00000000e+00  2.02500000e-09  1.66787951e-04 
 2.03500000e-09  0.00000000e+00  2.03500000e-09  1.66616623e-04 
 2.04500000e-09  0.00000000e+00  2.04500000e-09  1.66406565e-04 
 2.05500000e-09  0.00000000e+00  2.05500000e-09  1.66234781e-04 
 2.06500000e-09  0.00000000e+00  2.06500000e-09  1.66026873e-04 
 2.07500000e-09  0.00000000e+00  2.07500000e-09  1.65854585e-04 
 2.08500000e-09  0.00000000e+00  2.08500000e-09  1.65648863e-04 
 2.09500000e-09  0.00000000e+00  2.09500000e-09  1.65476028e-04 
 2.10500000e-09  0.00000000e+00  2.10500000e-09  1.65272518e-04 
 2.11500000e-09  0.00000000e+00  2.11500000e-09  1.65099104e-04 
 2.12500000e-09  0.00000000e+00  2.12500000e-09  1.64897826e-04 
 2.13500000e-09  0.00000000e+00  2.13500000e-09  1.64723805e-04 
 2.14500000e-09  0.00000000e+00  2.14500000e-09  1.64524771e-04 
 2.15500000e-09  0.00000000e+00  2.15500000e-09  1.64350124e-04 
 2.16500000e-09  0.00000000e+00  2.16500000e-09  1.64153340e-04 
 2.17500000e-09  0.00000000e+00  2.17500000e-09  1.63978053e-04 
 2.18500000e-09  0.00000000e+00  2.18500000e-09  1.63783522e-04 
 2.19500000e-09  0.00000000e+00  2.19500000e-09  1.63607584e-04 
 2.20500000e-09  0.00000000e+00  2.20500000e-09  1.63415302e-04 
 2.21500000e-09  0.00000000e+00  2.21500000e-09  1.63238710e-04 
 2.22500000e-09  0.00000000e+00  2.22500000e-09  1.63048670e-04 
 2.23500000e-09  0.00000000e+00  2.23500000e-09  1.62871421e-04 
 2.24500000e-09  0.00000000e+00  2.24500000e-09  1.62683613e-04 
 2.25500000e-09  0.00000000e+00  2.25500000e-09  1.62505710e-04 
 2.26500000e-09  0.00000000e+00  2.26500000e-09  1.62320119e-04 
 2.27500000e-09  0.00000000e+00  2.27500000e-09  1.62141568e-04 
 2.28500000e-09  0.00000000e+00  2.28500000e-09  1.61958177e-04 
 2.29500000e-09  0.00000000e+00  2.29500000e-09  1.61778987e-04 
 2.30500000e-09  0.00000000e+00  2.30500000e-09  1.61597777e-04 
 2.31500000e-09  0.00000000e+00  2.31500000e-09  1.61417958e-04 
 2.32500000e-09  0.00000000e+00  2.32500000e-09  1.61238906e-04 
 2.33500000e-09  0.00000000e+00  2.33500000e-09  1.61058471e-04 
 2.34500000e-09  0.00000000e+00  2.34500000e-09  1.60881555e-04 
 2.35500000e-09  0.00000000e+00  2.35500000e-09  1.60700519e-04 
 2.36500000e-09  0.00000000e+00  2.36500000e-09  1.60525713e-04 
 2.37500000e-09  0.00000000e+00  2.37500000e-09  1.60344093e-04 
 2.38500000e-09  0.00000000e+00  2.38500000e-09  1.60171371e-04 
 2.39500000e-09  0.00000000e+00  2.39500000e-09  1.59989183e-04 
 2.40500000e-09  0.00000000e+00  2.40500000e-09  1.59818517e-04 
 2.41500000e-09  0.00000000e+00  2.41500000e-09  1.59635781e-04 
 2.42500000e-09  0.00000000e+00  2.42500000e-09  1.59467142e-04 
 2.43500000e-09  0.00000000e+00  2.43500000e-09  1.59283879e-04 
 2.44500000e-09  0.00000000e+00  2.44500000e-09  1.59117236e-04 
 2.45500000e-09  0.00000000e+00  2.45500000e-09  1.58933466e-04 
 2.46500000e-09  0.00000000e+00  2.46500000e-09  1.58768790e-04 
 2.47500000e-09  0.00000000e+00  2.47500000e-09  1.58584534e-04 
 2.48500000e-09  0.00000000e+00  2.48500000e-09  1.58421795e-04 
 2.49500000e-09  0.00000000e+00  2.49500000e-09  1.58237075e-04 
 2.50500000e-09  0.00000000e+00  2.50500000e-09  1.58076241e-04 
 2.51500000e-09  0.00000000e+00  2.51500000e-09  1.57891080e-04 
 2.52500000e-09  0.00000000e+00  2.52500000e-09  1.57732118e-04 
 2.53500000e-09  0.00000000e+00  2.53500000e-09  1.57546539e-04 
 2.54500000e-09  0.00000000e+00  2.54500000e-09  1.57389419e-04 
 2.55500000e-09  0.00000000e+00  2.55500000e-09  1.57203444e-04 
 2.56500000e-09  0.00000000e+00  2.56500000e-09  1.57048133e-04 
 2.57500000e-09  0.00000000e+00  2.57500000e-09  1.56861786e-04 
 2.58500000e-09  0.00000000e+00  2.58500000e-09  1.56708253e-04 
 2.59500000e-09  0.00000000e+00  2.59500000e-09  1.56521557e-04 
 2.60500000e-09  0.00000000e+00  2.60500000e-09  1.56369769e-04 
 2.61500000e-09  0.00000000e+00  2.61500000e-09  1.56182747e-04 
 2.62500000e-09  0.00000000e+00  2.62500000e-09  1.56032673e-04 
 2.63500000e-09  0.00000000e+00  2.63500000e-09  1.55845349e-04 
 2.64500000e-09  0.00000000e+00  2.64500000e-09  1.55696957e-04 
 2.65500000e-09  0.00000000e+00  2.65500000e-09  1.55509352e-04 
 2.66500000e-09  0.00000000e+00  2.66500000e-09  1.55362612e-04 
 2.67500000e-09  0.00000000e+00  2.67500000e-09  1.55174750e-04 
 2.68500000e-09  0.00000000e+00  2.68500000e-09  1.55029629e-04 
 2.69500000e-09  0.00000000e+00  2.69500000e-09  1.54841533e-04 
 2.70500000e-09  0.00000000e+00  2.70500000e-09  1.54698001e-04 
 2.71500000e-09  0.00000000e+00  2.71500000e-09  1.54509693e-04 
 2.72500000e-09  0.00000000e+00  2.72500000e-09  1.54367720e-04 
 2.73500000e-09  0.00000000e+00  2.73500000e-09  1.54179222e-04 
 2.74500000e-09  0.00000000e+00  2.74500000e-09  1.54038777e-04 
 2.75500000e-09  0.00000000e+00  2.75500000e-09  1.53850110e-04 
 2.76500000e-09  0.00000000e+00  2.76500000e-09  1.53711164e-04 
 2.77500000e-09  0.00000000e+00  2.77500000e-09  1.53522351e-04 
 2.78500000e-09  0.00000000e+00  2.78500000e-09  1.53384874e-04 
 2.79500000e-09  0.00000000e+00  2.79500000e-09  1.53196077e-04 
 2.80500000e-09  0.00000000e+00  2.80500000e-09  1.53060067e-04 
 2.81500000e-09  0.00000000e+00  2.81500000e-09  1.52870842e-04 
 2.82500000e-09  0.00000000e+00  2.82500000e-09  1.52736162e-04 
 2.83500000e-09  0.00000000e+00  2.83500000e-09  1.52547174e-04 
 2.84500000e-09  0.00000000e+00  2.84500000e-09  1.52413969e-04 
 2.85500000e-09  0.00000000e+00  2.85500000e-09  1.52224617e-04 
 2.86500000e-09  0.00000000e+00  2.86500000e-09  1.52092690e-04 
 2.87500000e-09  0.00000000e+00  2.87500000e-09  1.51903599e-04 
 2.88500000e-09  0.00000000e+00  2.88500000e-09  1.51773086e-04 
 2.89500000e-09  0.00000000e+00  2.89500000e-09  1.51583667e-04 
 2.90500000e-09  0.00000000e+00  2.90500000e-09  1.51454376e-04 
 2.91500000e-09  0.00000000e+00  2.91500000e-09  1.51265251e-04 
 2.92500000e-09  0.00000000e+00  2.92500000e-09  1.51137319e-04 
 2.93500000e-09  0.00000000e+00  2.93500000e-09  1.50947904e-04 
 2.94500000e-09  0.00000000e+00  2.94500000e-09  1.50821143e-04 
 2.95500000e-09  0.00000000e+00  2.95500000e-09  1.50632054e-04 
 2.96500000e-09  0.00000000e+00  2.96500000e-09  1.50506600e-04 
 2.97500000e-09  0.00000000e+00  2.97500000e-09  1.50317260e-04 
 2.98500000e-09  0.00000000e+00  2.98500000e-09  1.50192928e-04 
 2.99500000e-09  0.00000000e+00  2.99500000e-09  1.50003945e-04 
 3.00500000e-09  0.00000000e+00  3.00500000e-09  1.49880871e-04 
 3.01500000e-09  0.00000000e+00  3.01500000e-09  1.49691672e-04 
 3.02500000e-09  0.00000000e+00  3.02500000e-09  1.49569674e-04 
 3.03500000e-09  0.00000000e+00  3.03500000e-09  1.49380862e-04 
 3.04500000e-09  0.00000000e+00  3.04500000e-09  1.49260074e-04 
 3.05500000e-09  0.00000000e+00  3.05500000e-09  1.49071081e-04 
 3.06500000e-09  0.00000000e+00  3.06500000e-09  1.48951324e-04 
 3.07500000e-09  0.00000000e+00  3.07500000e-09  1.48762745e-04 
 3.08500000e-09  0.00000000e+00  3.08500000e-09  1.48644153e-04 
 3.09500000e-09  0.00000000e+00  3.09500000e-09  1.48455425e-04 
 3.10500000e-09  0.00000000e+00  3.10500000e-09  1.48337821e-04 
 3.11500000e-09  0.00000000e+00  3.11500000e-09  1.48149534e-04 
 3.12500000e-09  0.00000000e+00  3.12500000e-09  1.48033052e-04 
 3.13500000e-09  0.00000000e+00  3.13500000e-09  1.47844647e-04 
 3.14500000e-09  0.00000000e+00  3.14500000e-09  1.47729111e-04 
 3.15500000e-09  0.00000000e+00  3.15500000e-09  1.47541172e-04 
 3.16500000e-09  0.00000000e+00  3.16500000e-09  1.47426716e-04 
 3.17500000e-09  0.00000000e+00  3.17500000e-09  1.47238688e-04 
 3.18500000e-09  0.00000000e+00  3.18500000e-09  1.47125139e-04 
 3.19500000e-09  0.00000000e+00  3.19500000e-09  1.46937600e-04 
 3.20500000e-09  0.00000000e+00  3.20500000e-09  1.46825092e-04 
 3.21500000e-09  0.00000000e+00  3.21500000e-09  1.46637491e-04 
 3.22500000e-09  0.00000000e+00  3.22500000e-09  1.46525853e-04 
 3.23500000e-09  0.00000000e+00  3.23500000e-09  1.46338763e-04 
 3.24500000e-09  0.00000000e+00  3.24500000e-09  1.46228127e-04 
 3.25500000e-09  0.00000000e+00  3.25500000e-09  1.46041001e-04 
 3.26500000e-09  0.00000000e+00  3.26500000e-09  1.45931198e-04 
 3.27500000e-09  0.00000000e+00  3.27500000e-09  1.45744604e-04 
 3.28500000e-09  0.00000000e+00  3.28500000e-09  1.45635767e-04 
 3.29500000e-09  0.00000000e+00  3.29500000e-09  1.45449282e-04 
 3.30500000e-09  0.00000000e+00  3.30500000e-09  1.45341267e-04 
 3.31500000e-09  0.00000000e+00  3.31500000e-09  1.45155054e-04 
 3.32500000e-09  0.00000000e+00  3.32500000e-09  1.45047899e-04 
 3.33500000e-09  0.00000000e+00  3.33500000e-09  1.44861983e-04 
 3.34500000e-09  0.00000000e+00  3.34500000e-09  1.44755675e-04 
 3.35500000e-09  0.00000000e+00  3.35500000e-09  1.44570059e-04 
 3.36500000e-09  0.00000000e+00  3.36500000e-09  1.44464578e-04 
 3.37500000e-09  0.00000000e+00  3.37500000e-09  1.44279271e-04 
 3.38500000e-09  0.00000000e+00  3.38500000e-09  1.44174600e-04 
 3.39500000e-09  0.00000000e+00  3.39500000e-09  1.43989607e-04 
 3.40500000e-09  0.00000000e+00  3.40500000e-09  1.43885729e-04 
 3.41500000e-09  0.00000000e+00  3.41500000e-09  1.43701060e-04 
 3.42500000e-09  0.00000000e+00  3.42500000e-09  1.43597961e-04 
 3.43500000e-09  0.00000000e+00  3.43500000e-09  1.43413623e-04 
 3.44500000e-09  0.00000000e+00  3.44500000e-09  1.43311288e-04 
 3.45500000e-09  0.00000000e+00  3.45500000e-09  1.43127290e-04 
 3.46500000e-09  0.00000000e+00  3.46500000e-09  1.43025704e-04 
 3.47500000e-09  0.00000000e+00  3.47500000e-09  1.42842053e-04 
 3.48500000e-09  0.00000000e+00  3.48500000e-09  1.42741202e-04 
 3.49500000e-09  0.00000000e+00  3.49500000e-09  1.42557907e-04 
 3.50500000e-09  0.00000000e+00  3.50500000e-09  1.42457778e-04 
 3.51500000e-09  0.00000000e+00  3.51500000e-09  1.42274846e-04 
 3.52500000e-09  0.00000000e+00  3.52500000e-09  1.42175425e-04 
 3.53500000e-09  0.00000000e+00  3.53500000e-09  1.41992862e-04 
 3.54500000e-09  0.00000000e+00  3.54500000e-09  1.41894137e-04 
 3.55500000e-09  0.00000000e+00  3.55500000e-09  1.41711951e-04 
 3.56500000e-09  0.00000000e+00  3.56500000e-09  1.41613908e-04 
 3.57500000e-09  0.00000000e+00  3.57500000e-09  1.41432106e-04 
 3.58500000e-09  0.00000000e+00  3.58500000e-09  1.41334732e-04 
 3.59500000e-09  0.00000000e+00  3.59500000e-09  1.41153320e-04 
 3.60500000e-09  0.00000000e+00  3.60500000e-09  1.41056605e-04 
 3.61500000e-09  0.00000000e+00  3.61500000e-09  1.40875589e-04 
 3.62500000e-09  0.00000000e+00  3.62500000e-09  1.40779519e-04 
 3.63500000e-09  0.00000000e+00  3.63500000e-09  1.40598905e-04 
 3.64500000e-09  0.00000000e+00  3.64500000e-09  1.40503470e-04 
 3.65500000e-09  0.00000000e+00  3.65500000e-09  1.40323263e-04 
 3.66500000e-09  0.00000000e+00  3.66500000e-09  1.40228451e-04 
 3.67500000e-09  0.00000000e+00  3.67500000e-09  1.40048658e-04 
 3.68500000e-09  0.00000000e+00  3.68500000e-09  1.39954457e-04 
 3.69500000e-09  0.00000000e+00  3.69500000e-09  1.39775083e-04 
 3.70500000e-09  0.00000000e+00  3.70500000e-09  1.39681483e-04 
 3.71500000e-09  0.00000000e+00  3.71500000e-09  1.39502532e-04 
 3.72500000e-09  0.00000000e+00  3.72500000e-09  1.39409523e-04 
 3.73500000e-09  0.00000000e+00  3.73500000e-09  1.39231000e-04 
 3.74500000e-09  0.00000000e+00  3.74500000e-09  1.39138571e-04 
 3.75500000e-09  0.00000000e+00  3.75500000e-09  1.38960481e-04 
 3.76500000e-09  0.00000000e+00  3.76500000e-09  1.38868622e-04 
 3.77500000e-09  0.00000000e+00  3.77500000e-09  1.38690970e-04 
 3.78500000e-09  0.00000000e+00  3.78500000e-09  1.38599671e-04 
 3.79500000e-09  0.00000000e+00  3.79500000e-09  1.38422460e-04 
 3.80500000e-09  0.00000000e+00  3.80500000e-09  1.38331711e-04 
 3.81500000e-09  0.00000000e+00  3.81500000e-09  1.38154947e-04 
 3.82500000e-09  0.00000000e+00  3.82500000e-09  1.38064739e-04 
 3.83500000e-09  0.00000000e+00  3.83500000e-09  1.37888424e-04 
 3.84500000e-09  0.00000000e+00  3.84500000e-09  1.37798748e-04 
 3.85500000e-09  0.00000000e+00  3.85500000e-09  1.37622887e-04 
 3.86500000e-09  0.00000000e+00  3.86500000e-09  1.37533734e-04 
 3.87500000e-09  0.00000000e+00  3.87500000e-09  1.37358330e-04 
 3.88500000e-09  0.00000000e+00  3.88500000e-09  1.37269690e-04 
 3.89500000e-09  0.00000000e+00  3.89500000e-09  1.37094747e-04 
 3.90500000e-09  0.00000000e+00  3.90500000e-09  1.37006612e-04 
 3.91500000e-09  0.00000000e+00  3.91500000e-09  1.36832133e-04 
 3.92500000e-09  0.00000000e+00  3.92500000e-09  1.36744495e-04 
 3.93500000e-09  0.00000000e+00  3.93500000e-09  1.36570483e-04 
 3.94500000e-09  0.00000000e+00  3.94500000e-09  1.36483334e-04 
 3.95500000e-09  0.00000000e+00  3.95500000e-09  1.36309791e-04 
 3.96500000e-09  0.00000000e+00  3.96500000e-09  1.36223123e-04 
 3.97500000e-09  0.00000000e+00  3.97500000e-09  1.36050053e-04 
 3.98500000e-09  0.00000000e+00  3.98500000e-09  1.35963857e-04 
 3.99500000e-09  0.00000000e+00  3.99500000e-09  1.35791262e-04 
 4.00500000e-09  0.00000000e+00  4.00500000e-09  1.35705531e-04 
 4.01500000e-09  0.00000000e+00  4.01500000e-09  1.35533415e-04 
 4.02500000e-09  0.00000000e+00  4.02500000e-09  1.35448141e-04 
 4.03500000e-09  0.00000000e+00  4.03500000e-09  1.35276505e-04 
 4.04500000e-09  0.00000000e+00  4.04500000e-09  1.35191682e-04 
 4.05500000e-09  0.00000000e+00  4.05500000e-09  1.35020528e-04 
 4.06500000e-09  0.00000000e+00  4.06500000e-09  1.34936148e-04 
 4.07500000e-09  0.00000000e+00  4.07500000e-09  1.34765478e-04 
 4.08500000e-09  0.00000000e+00  4.08500000e-09  1.34681534e-04 
 4.09500000e-09  0.00000000e+00  4.09500000e-09  1.34511352e-04 
 4.10500000e-09  0.00000000e+00  4.10500000e-09  1.34427836e-04 
 4.11500000e-09  0.00000000e+00  4.11500000e-09  1.34258142e-04 
 4.12500000e-09  0.00000000e+00  4.12500000e-09  1.34175049e-04 
 4.13500000e-09  0.00000000e+00  4.13500000e-09  1.34005846e-04 
 4.14500000e-09  0.00000000e+00  4.14500000e-09  1.33923168e-04 
 4.15500000e-09  0.00000000e+00  4.15500000e-09  1.33754457e-04 
 4.16500000e-09  0.00000000e+00  4.16500000e-09  1.33672189e-04 
 4.17500000e-09  0.00000000e+00  4.17500000e-09  1.33503972e-04 
 4.18500000e-09  0.00000000e+00  4.18500000e-09  1.33422106e-04 
 4.19500000e-09  0.00000000e+00  4.19500000e-09  1.33254384e-04 
 4.20500000e-09  0.00000000e+00  4.20500000e-09  1.33172915e-04 
 4.21500000e-09  0.00000000e+00  4.21500000e-09  1.33005690e-04 
 4.22500000e-09  0.00000000e+00  4.22500000e-09  1.32924612e-04 
 4.23500000e-09  0.00000000e+00  4.23500000e-09  1.32757884e-04 
 4.24500000e-09  0.00000000e+00  4.24500000e-09  1.32677191e-04 
 4.25500000e-09  0.00000000e+00  4.25500000e-09  1.32510962e-04 
 4.26500000e-09  0.00000000e+00  4.26500000e-09  1.32430648e-04 
 4.27500000e-09  0.00000000e+00  4.27500000e-09  1.32264919e-04 
 4.28500000e-09  0.00000000e+00  4.28500000e-09  1.32184978e-04 
 4.29500000e-09  0.00000000e+00  4.29500000e-09  1.32019751e-04 
 4.30500000e-09  0.00000000e+00  4.30500000e-09  1.31940178e-04 
 4.31500000e-09  0.00000000e+00  4.31500000e-09  1.31775453e-04 
 4.32500000e-09  0.00000000e+00  4.32500000e-09  1.31696242e-04 
 4.33500000e-09  0.00000000e+00  4.33500000e-09  1.31532019e-04 
 4.34500000e-09  0.00000000e+00  4.34500000e-09  1.31453166e-04 
 4.35500000e-09  0.00000000e+00  4.35500000e-09  1.31289447e-04 
 4.36500000e-09  0.00000000e+00  4.36500000e-09  1.31210945e-04 
 4.37500000e-09  0.00000000e+00  4.37500000e-09  1.31047731e-04 
 4.38500000e-09  0.00000000e+00  4.38500000e-09  1.30969576e-04 
 4.39500000e-09  0.00000000e+00  4.39500000e-09  1.30806866e-04 
 4.40500000e-09  0.00000000e+00  4.40500000e-09  1.30729053e-04 
 4.41500000e-09  0.00000000e+00  4.41500000e-09  1.30566849e-04 
 4.42500000e-09  0.00000000e+00  4.42500000e-09  1.30489373e-04 
 4.43500000e-09  0.00000000e+00  4.43500000e-09  1.30327674e-04 
 4.44500000e-09  0.00000000e+00  4.44500000e-09  1.30250531e-04 
 4.45500000e-09  0.00000000e+00  4.45500000e-09  1.30089338e-04 
 4.46500000e-09  0.00000000e+00  4.46500000e-09  1.30012522e-04 
 4.47500000e-09  0.00000000e+00  4.47500000e-09  1.29851836e-04 
 4.48500000e-09  0.00000000e+00  4.48500000e-09  1.29775343e-04 
 4.49500000e-09  0.00000000e+00  4.49500000e-09  1.29615163e-04 
 4.50500000e-09  0.00000000e+00  4.50500000e-09  1.29538989e-04 
 4.51500000e-09  0.00000000e+00  4.51500000e-09  1.29379316e-04 
 4.52500000e-09  0.00000000e+00  4.52500000e-09  1.29303456e-04 
 4.53500000e-09  0.00000000e+00  4.53500000e-09  1.29144290e-04 
 4.54500000e-09  0.00000000e+00  4.54500000e-09  1.29068740e-04 
 4.55500000e-09  0.00000000e+00  4.55500000e-09  1.28910081e-04 
 4.56500000e-09  0.00000000e+00  4.56500000e-09  1.28834836e-04 
 4.57500000e-09  0.00000000e+00  4.57500000e-09  1.28676685e-04 
 4.58500000e-09  0.00000000e+00  4.58500000e-09  1.28601741e-04 
 4.59500000e-09  0.00000000e+00  4.59500000e-09  1.28444096e-04 
 4.60500000e-09  0.00000000e+00  4.60500000e-09  1.28369451e-04 
 4.61500000e-09  0.00000000e+00  4.61500000e-09  1.28212313e-04 
 4.62500000e-09  0.00000000e+00  4.62500000e-09  1.28137961e-04 
 4.63500000e-09  0.00000000e+00  4.63500000e-09  1.27981329e-04 
 4.64500000e-09  0.00000000e+00  4.64500000e-09  1.27907267e-04 
 4.65500000e-09  0.00000000e+00  4.65500000e-09  1.27751141e-04 
 4.66500000e-09  0.00000000e+00  4.66500000e-09  1.27677365e-04 
 4.67500000e-09  0.00000000e+00  4.67500000e-09  1.27521746e-04 
 4.68500000e-09  0.00000000e+00  4.68500000e-09  1.27448252e-04 
 4.69500000e-09  0.00000000e+00  4.69500000e-09  1.27293138e-04 
 4.70500000e-09  0.00000000e+00  4.70500000e-09  1.27219922e-04 
 4.71500000e-09  0.00000000e+00  4.71500000e-09  1.27065314e-04 
 4.72500000e-09  0.00000000e+00  4.72500000e-09  1.26992374e-04 
 4.73500000e-09  0.00000000e+00  4.73500000e-09  1.26838270e-04 
 4.74500000e-09  0.00000000e+00  4.74500000e-09  1.26765601e-04 
 4.75500000e-09  0.00000000e+00  4.75500000e-09  1.26612002e-04 
 4.76500000e-09  0.00000000e+00  4.76500000e-09  1.26539601e-04 
 4.77500000e-09  0.00000000e+00  4.77500000e-09  1.26386506e-04 
 4.78500000e-09  0.00000000e+00  4.78500000e-09  1.26314370e-04 
 4.79500000e-09  0.00000000e+00  4.79500000e-09  1.26161778e-04 
 4.80500000e-09  0.00000000e+00  4.80500000e-09  1.26089904e-04 
 4.81500000e-09  0.00000000e+00  4.81500000e-09  1.25937815e-04 
 4.82500000e-09  0.00000000e+00  4.82500000e-09  1.25866198e-04 
 4.83500000e-09  0.00000000e+00  4.83500000e-09  1.25714611e-04 
 4.84500000e-09  0.00000000e+00  4.84500000e-09  1.25643250e-04 
 4.85500000e-09  0.00000000e+00  4.85500000e-09  1.25492165e-04 
 4.86500000e-09  0.00000000e+00  4.86500000e-09  1.25421055e-04 
 4.87500000e-09  0.00000000e+00  4.87500000e-09  1.25270471e-04 
 4.88500000e-09  0.00000000e+00  4.88500000e-09  1.25199610e-04 
 4.89500000e-09  0.00000000e+00  4.89500000e-09  1.25049525e-04 
 4.90500000e-09  0.00000000e+00  4.90500000e-09  1.24978911e-04 
 4.91500000e-09  0.00000000e+00  4.91500000e-09  1.24829326e-04 
 4.92500000e-09  0.00000000e+00  4.92500000e-09  1.24758954e-04 
 4.93500000e-09  0.00000000e+00  4.93500000e-09  1.24609867e-04 
 4.94500000e-09  0.00000000e+00  4.94500000e-09  1.24539736e-04 
 4.95500000e-09  0.00000000e+00  4.95500000e-09  1.24391146e-04 
 4.96500000e-09  0.00000000e+00  4.96500000e-09  1.24321253e-04 
 4.97500000e-09  0.00000000e+00  4.97500000e-09  1.24173160e-04 
 4.98500000e-09  0.00000000e+00  4.98500000e-09  1.24103501e-04 
 4.99500000e-09  0.00000000e+00  4.99500000e-09  1.23955904e-04 
 5.00500000e-09  0.00000000e+00  5.00500000e-09  1.23886477e-04 
 5.01500000e-09  0.00000000e+00  5.01500000e-09  1.23739374e-04 
 5.02500000e-09  0.00000000e+00  5.02500000e-09  1.23670177e-04 
 5.03500000e-09  0.00000000e+00  5.03500000e-09  1.23523568e-04 
 5.04500000e-09  0.00000000e+00  5.04500000e-09  1.23454597e-04 
 5.05500000e-09  0.00000000e+00  5.05500000e-09  1.23308481e-04 
 5.06500000e-09  0.00000000e+00  5.06500000e-09  1.23239735e-04 
 5.07500000e-09  0.00000000e+00  5.07500000e-09  1.23094111e-04 
 5.08500000e-09  0.00000000e+00  5.08500000e-09  1.23025586e-04 
 5.09500000e-09  0.00000000e+00  5.09500000e-09  1.22880453e-04 
 5.10500000e-09  0.00000000e+00  5.10500000e-09  1.22812147e-04 
 5.11500000e-09  0.00000000e+00  5.11500000e-09  1.22667504e-04 
 5.12500000e-09  0.00000000e+00  5.12500000e-09  1.22599415e-04 
 5.13500000e-09  0.00000000e+00  5.13500000e-09  1.22455260e-04 
 5.14500000e-09  0.00000000e+00  5.14500000e-09  1.22387386e-04 
 5.15500000e-09  0.00000000e+00  5.15500000e-09  1.22243718e-04 
 5.16500000e-09  0.00000000e+00  5.16500000e-09  1.22176057e-04 
 5.17500000e-09  0.00000000e+00  5.17500000e-09  1.22032875e-04 
 5.18500000e-09  0.00000000e+00  5.18500000e-09  1.21965424e-04 
 5.19500000e-09  0.00000000e+00  5.19500000e-09  1.21822728e-04 
 5.20500000e-09  0.00000000e+00  5.20500000e-09  1.21755484e-04 
 5.21500000e-09  0.00000000e+00  5.21500000e-09  1.21613272e-04 
 5.22500000e-09  0.00000000e+00  5.22500000e-09  1.21546233e-04 
 5.23500000e-09  0.00000000e+00  5.23500000e-09  1.21404504e-04 
 5.24500000e-09  0.00000000e+00  5.24500000e-09  1.21337669e-04 
 5.25500000e-09  0.00000000e+00  5.25500000e-09  1.21196422e-04 
 5.26500000e-09  0.00000000e+00  5.26500000e-09  1.21129788e-04 
 5.27500000e-09  0.00000000e+00  5.27500000e-09  1.20989021e-04 
 5.28500000e-09  0.00000000e+00  5.28500000e-09  1.20922586e-04 
 5.29500000e-09  0.00000000e+00  5.29500000e-09  1.20782298e-04 
 5.30500000e-09  0.00000000e+00  5.30500000e-09  1.20716061e-04 
 5.31500000e-09  0.00000000e+00  5.31500000e-09  1.20576251e-04 
 5.32500000e-09  0.00000000e+00  5.32500000e-09  1.20510209e-04 
 5.33500000e-09  0.00000000e+00  5.33500000e-09  1.20370876e-04 
 5.34500000e-09  0.00000000e+00  5.34500000e-09  1.20305027e-04 
 5.35500000e-09  0.00000000e+00  5.35500000e-09  1.20166169e-04 
 5.36500000e-09  0.00000000e+00  5.36500000e-09  1.20100512e-04 
 5.37500000e-09  0.00000000e+00  5.37500000e-09  1.19962127e-04 
 5.38500000e-09  0.00000000e+00  5.38500000e-09  1.19896660e-04 
 5.39500000e-09  0.00000000e+00  5.39500000e-09  1.19758748e-04 
 5.40500000e-09  0.00000000e+00  5.40500000e-09  1.19693468e-04 
 5.41500000e-09  0.00000000e+00  5.41500000e-09  1.19556028e-04 
 5.42500000e-09  0.00000000e+00  5.42500000e-09  1.19490934e-04 
 5.43500000e-09  0.00000000e+00  5.43500000e-09  1.19353963e-04 
 5.44500000e-09  0.00000000e+00  5.44500000e-09  1.19289053e-04 
 5.45500000e-09  0.00000000e+00  5.45500000e-09  1.19152552e-04 
 5.46500000e-09  0.00000000e+00  5.46500000e-09  1.19087824e-04 
 5.47500000e-09  0.00000000e+00  5.47500000e-09  1.18951789e-04 
 5.48500000e-09  0.00000000e+00  5.48500000e-09  1.18887242e-04 
 5.49500000e-09  0.00000000e+00  5.49500000e-09  1.18751674e-04 
 5.50000000e-09  0.00000000e+00  5.50000000e-09  1.18737176e-04 
 5.50100000e-09  0.00000000e+00  5.50100000e-09 -1.07612964e-03 
 5.50300000e-09  0.00000000e+00  5.50300000e-09 -3.17389324e-03 
 5.50700000e-09  0.00000000e+00  5.50700000e-09 -6.66775370e-03 
 5.51500000e-09  0.00000000e+00  5.51500000e-09 -1.14751376e-02 
 5.52500000e-09  0.00000000e+00  5.52500000e-09 -1.48100019e-02 
 5.53500000e-09  0.00000000e+00  5.53500000e-09 -1.66476542e-02 
 5.54500000e-09  0.00000000e+00  5.54500000e-09 -1.77102672e-02 
 5.55500000e-09  0.00000000e+00  5.55500000e-09 -1.84248096e-02 
 5.56500000e-09  0.00000000e+00  5.56500000e-09 -1.88747888e-02 
 5.57500000e-09  0.00000000e+00  5.57500000e-09 -1.91659155e-02 
 5.58500000e-09  0.00000000e+00  5.58500000e-09 -1.92267123e-02 
 5.59500000e-09  0.00000000e+00  5.59500000e-09 -1.90630938e-02 
 5.60500000e-09  0.00000000e+00  5.60500000e-09 -1.85494678e-02 
 5.61500000e-09  0.00000000e+00  5.61500000e-09 -1.76435385e-02 
 5.62500000e-09  0.00000000e+00  5.62500000e-09 -1.62020608e-02 
 5.63500000e-09  0.00000000e+00  5.63500000e-09 -1.41768509e-02 
 5.64500000e-09  0.00000000e+00  5.64500000e-09 -1.14566901e-02 
 5.65500000e-09  0.00000000e+00  5.65500000e-09 -8.04210547e-03 
 5.66500000e-09  0.00000000e+00  5.66500000e-09 -3.98824506e-03 
 5.67500000e-09  0.00000000e+00  5.67500000e-09 -2.92413825e-04 
 5.68500000e-09  0.00000000e+00  5.68500000e-09  4.81456248e-03 
 5.69500000e-09  0.00000000e+00  5.69500000e-09  1.04769718e-02 
 5.70500000e-09  0.00000000e+00  5.70500000e-09  1.64018188e-02 
 5.71500000e-09  0.00000000e+00  5.71500000e-09  2.24541781e-02 
 5.72500000e-09  0.00000000e+00  5.72500000e-09  2.89110883e-02 
 5.73500000e-09  0.00000000e+00  5.73500000e-09  3.64107691e-02 
 5.74500000e-09  0.00000000e+00  5.74500000e-09  4.64808407e-02 
 5.75500000e-09  0.00000000e+00  5.75500000e-09  6.19657545e-02 
 5.76500000e-09  0.00000000e+00  5.76500000e-09  8.83876641e-02 
 5.77500000e-09  0.00000000e+00  5.77500000e-09  1.34876782e-01 
 5.78500000e-09  0.00000000e+00  5.78500000e-09  2.10581861e-01 
 5.79500000e-09  0.00000000e+00  5.79500000e-09  3.19287256e-01 
 5.80500000e-09  0.00000000e+00  5.80500000e-09  4.61550685e-01 
 5.81500000e-09  0.00000000e+00  5.81500000e-09  6.34727280e-01 
 5.82500000e-09  0.00000000e+00  5.82500000e-09  8.33673490e-01 
 5.83500000e-09  0.00000000e+00  5.83500000e-09  1.05122749e+00 
 5.84500000e-09  0.00000000e+00  5.84500000e-09  1.27643076e+00 
 5.85500000e-09  0.00000000e+00  5.85500000e-09  1.46602378e+00 
 5.86500000e-09  0.00000000e+00  5.86500000e-09  1.56895573e+00 
 5.87500000e-09  0.00000000e+00  5.87500000e-09  1.62894908e+00 
 5.88500000e-09  0.00000000e+00  5.88500000e-09  1.67027817e+00 
 5.89500000e-09  0.00000000e+00  5.89500000e-09  1.70017644e+00 
 5.90500000e-09  0.00000000e+00  5.90500000e-09  1.72137548e+00 
 5.91500000e-09  0.00000000e+00  5.91500000e-09  1.73641936e+00 
 5.92500000e-09  0.00000000e+00  5.92500000e-09  1.74672394e+00 
 5.93500000e-09  0.00000000e+00  5.93500000e-09  1.75398206e+00 
 5.94500000e-09  0.00000000e+00  5.94500000e-09  1.75887086e+00 
 5.95500000e-09  0.00000000e+00  5.95500000e-09  1.76245757e+00 
 5.96500000e-09  0.00000000e+00  5.96500000e-09  1.76491593e+00 
 5.97500000e-09  0.00000000e+00  5.97500000e-09  1.76689941e+00 
 5.98500000e-09  0.00000000e+00  5.98500000e-09  1.76830515e+00 
 5.99500000e-09  0.00000000e+00  5.99500000e-09  1.76957983e+00 
 6.00000000e-09  0.00000000e+00  6.00000000e-09  1.77002308e+00 
 6.00100000e-09  0.00000000e+00  6.00100000e-09  1.77192504e+00 
 6.00300000e-09  0.00000000e+00  6.00300000e-09  1.77528529e+00 
 6.00700000e-09  0.00000000e+00  6.00700000e-09  1.78106186e+00 
 6.01500000e-09  0.00000000e+00  6.01500000e-09  1.78920789e+00 
 6.02500000e-09  0.00000000e+00  6.02500000e-09  1.79468838e+00 
 6.03500000e-09  0.00000000e+00  6.03500000e-09  1.79741338e+00 
 6.04500000e-09  0.00000000e+00  6.04500000e-09  1.79871376e+00 
 6.05500000e-09  0.00000000e+00  6.05500000e-09  1.79938630e+00 
 6.06500000e-09  0.00000000e+00  6.06500000e-09  1.79968254e+00 
 6.07500000e-09  0.00000000e+00  6.07500000e-09  1.79985994e+00 
 6.08500000e-09  0.00000000e+00  6.08500000e-09  1.79991628e+00 
 6.09500000e-09  0.00000000e+00  6.09500000e-09  1.79997321e+00 
 6.10500000e-09  0.00000000e+00  6.10500000e-09  1.79997319e+00 
 6.11500000e-09  0.00000000e+00  6.11500000e-09  1.79999987e+00 
 6.12500000e-09  0.00000000e+00  6.12500000e-09  1.79998733e+00 
 6.13500000e-09  0.00000000e+00  6.13500000e-09  1.80000579e+00 
 6.14500000e-09  0.00000000e+00  6.14500000e-09  1.79999144e+00 
 6.15500000e-09  0.00000000e+00  6.15500000e-09  1.80000668e+00 
 6.16500000e-09  0.00000000e+00  6.16500000e-09  1.79999294e+00 
 6.17500000e-09  0.00000000e+00  6.17500000e-09  1.80000639e+00 
 6.18500000e-09  0.00000000e+00  6.18500000e-09  1.79999372e+00 
 6.19500000e-09  0.00000000e+00  6.19500000e-09  1.80000590e+00 
 6.20500000e-09  0.00000000e+00  6.20500000e-09  1.79999430e+00 
 6.21500000e-09  0.00000000e+00  6.21500000e-09  1.80000540e+00 
 6.22500000e-09  0.00000000e+00  6.22500000e-09  1.79999480e+00 
 6.23500000e-09  0.00000000e+00  6.23500000e-09  1.80000494e+00 
 6.24500000e-09  0.00000000e+00  6.24500000e-09  1.79999525e+00 
 6.25500000e-09  0.00000000e+00  6.25500000e-09  1.80000452e+00 
 6.26500000e-09  0.00000000e+00  6.26500000e-09  1.79999565e+00 
 6.27500000e-09  0.00000000e+00  6.27500000e-09  1.80000413e+00 
 6.28500000e-09  0.00000000e+00  6.28500000e-09  1.79999602e+00 
 6.29500000e-09  0.00000000e+00  6.29500000e-09  1.80000378e+00 
 6.30500000e-09  0.00000000e+00  6.30500000e-09  1.79999636e+00 
 6.31500000e-09  0.00000000e+00  6.31500000e-09  1.80000347e+00 
 6.32500000e-09  0.00000000e+00  6.32500000e-09  1.79999666e+00 
 6.33500000e-09  0.00000000e+00  6.33500000e-09  1.80000318e+00 
 6.34500000e-09  0.00000000e+00  6.34500000e-09  1.79999694e+00 
 6.35500000e-09  0.00000000e+00  6.35500000e-09  1.80000291e+00 
 6.36500000e-09  0.00000000e+00  6.36500000e-09  1.79999719e+00 
 6.37500000e-09  0.00000000e+00  6.37500000e-09  1.80000253e+00 
 6.38500000e-09  0.00000000e+00  6.38500000e-09  1.79999701e+00 
 6.39500000e-09  0.00000000e+00  6.39500000e-09  1.80000185e+00 
 6.40500000e-09  0.00000000e+00  6.40500000e-09  1.79999700e+00 
 6.41500000e-09  0.00000000e+00  6.41500000e-09  1.80000161e+00 
 6.42500000e-09  0.00000000e+00  6.42500000e-09  1.79999719e+00 
 6.43500000e-09  0.00000000e+00  6.43500000e-09  1.80000146e+00 
 6.44500000e-09  0.00000000e+00  6.44500000e-09  1.79999739e+00 
 6.45500000e-09  0.00000000e+00  6.45500000e-09  1.80000133e+00 
 6.46500000e-09  0.00000000e+00  6.46500000e-09  1.79999759e+00 
 6.47500000e-09  0.00000000e+00  6.47500000e-09  1.80000121e+00 
 6.48500000e-09  0.00000000e+00  6.48500000e-09  1.79999777e+00 
 6.49500000e-09  0.00000000e+00  6.49500000e-09  1.80000110e+00 
 6.50500000e-09  0.00000000e+00  6.50500000e-09  1.79999793e+00 
 6.51500000e-09  0.00000000e+00  6.51500000e-09  1.80000101e+00 
 6.52500000e-09  0.00000000e+00  6.52500000e-09  1.79999808e+00 
 6.53500000e-09  0.00000000e+00  6.53500000e-09  1.80000092e+00 
 6.54500000e-09  0.00000000e+00  6.54500000e-09  1.79999822e+00 
 6.55500000e-09  0.00000000e+00  6.55500000e-09  1.80000084e+00 
 6.56500000e-09  0.00000000e+00  6.56500000e-09  1.79999834e+00 
 6.57500000e-09  0.00000000e+00  6.57500000e-09  1.80000077e+00 
 6.58500000e-09  0.00000000e+00  6.58500000e-09  1.79999846e+00 
 6.59500000e-09  0.00000000e+00  6.59500000e-09  1.80000070e+00 
 6.60500000e-09  0.00000000e+00  6.60500000e-09  1.79999857e+00 
 6.61500000e-09  0.00000000e+00  6.61500000e-09  1.80000065e+00 
 6.62500000e-09  0.00000000e+00  6.62500000e-09  1.79999867e+00 
 6.63500000e-09  0.00000000e+00  6.63500000e-09  1.80000059e+00 
 6.64500000e-09  0.00000000e+00  6.64500000e-09  1.79999876e+00 
 6.65500000e-09  0.00000000e+00  6.65500000e-09  1.80000055e+00 
 6.66500000e-09  0.00000000e+00  6.66500000e-09  1.79999884e+00 
 6.67500000e-09  0.00000000e+00  6.67500000e-09  1.80000050e+00 
 6.68500000e-09  0.00000000e+00  6.68500000e-09  1.79999892e+00 
 6.69500000e-09  0.00000000e+00  6.69500000e-09  1.80000047e+00 
 6.70500000e-09  0.00000000e+00  6.70500000e-09  1.79999899e+00 
 6.71500000e-09  0.00000000e+00  6.71500000e-09  1.80000043e+00 
 6.72500000e-09  0.00000000e+00  6.72500000e-09  1.79999906e+00 
 6.73500000e-09  0.00000000e+00  6.73500000e-09  1.80000040e+00 
 6.74500000e-09  0.00000000e+00  6.74500000e-09  1.79999912e+00 
 6.75500000e-09  0.00000000e+00  6.75500000e-09  1.80000037e+00 
 6.76500000e-09  0.00000000e+00  6.76500000e-09  1.79999918e+00 
 6.77500000e-09  0.00000000e+00  6.77500000e-09  1.80000035e+00 
 6.78500000e-09  0.00000000e+00  6.78500000e-09  1.79999923e+00 
 6.79500000e-09  0.00000000e+00  6.79500000e-09  1.80000033e+00 
 6.80500000e-09  0.00000000e+00  6.80500000e-09  1.79999928e+00 
 6.81500000e-09  0.00000000e+00  6.81500000e-09  1.80000031e+00 
 6.82500000e-09  0.00000000e+00  6.82500000e-09  1.79999932e+00 
 6.83500000e-09  0.00000000e+00  6.83500000e-09  1.80000029e+00 
 6.84500000e-09  0.00000000e+00  6.84500000e-09  1.79999936e+00 
 6.85500000e-09  0.00000000e+00  6.85500000e-09  1.80000027e+00 
 6.86500000e-09  0.00000000e+00  6.86500000e-09  1.79999940e+00 
 6.87500000e-09  0.00000000e+00  6.87500000e-09  1.80000026e+00 
 6.88500000e-09  0.00000000e+00  6.88500000e-09  1.79999944e+00 
 6.89500000e-09  0.00000000e+00  6.89500000e-09  1.80000025e+00 
 6.90500000e-09  0.00000000e+00  6.90500000e-09  1.79999947e+00 
 6.91500000e-09  0.00000000e+00  6.91500000e-09  1.80000023e+00 
 6.92500000e-09  0.00000000e+00  6.92500000e-09  1.79999950e+00 
 6.93500000e-09  0.00000000e+00  6.93500000e-09  1.80000022e+00 
 6.94500000e-09  0.00000000e+00  6.94500000e-09  1.79999953e+00 
 6.95500000e-09  0.00000000e+00  6.95500000e-09  1.80000021e+00 
 6.96500000e-09  0.00000000e+00  6.96500000e-09  1.79999956e+00 
 6.97500000e-09  0.00000000e+00  6.97500000e-09  1.80000021e+00 
 6.98500000e-09  0.00000000e+00  6.98500000e-09  1.79999958e+00 
 6.99500000e-09  0.00000000e+00  6.99500000e-09  1.80000020e+00 
 7.00500000e-09  0.00000000e+00  7.00500000e-09  1.79999961e+00 
 7.01500000e-09  0.00000000e+00  7.01500000e-09  1.80000019e+00 
 7.02500000e-09  0.00000000e+00  7.02500000e-09  1.79999963e+00 
 7.03500000e-09  0.00000000e+00  7.03500000e-09  1.80000018e+00 
 7.04500000e-09  0.00000000e+00  7.04500000e-09  1.79999965e+00 
 7.05500000e-09  0.00000000e+00  7.05500000e-09  1.80000018e+00 
 7.06500000e-09  0.00000000e+00  7.06500000e-09  1.79999967e+00 
 7.07500000e-09  0.00000000e+00  7.07500000e-09  1.80000017e+00 
 7.08500000e-09  0.00000000e+00  7.08500000e-09  1.79999969e+00 
 7.09500000e-09  0.00000000e+00  7.09500000e-09  1.80000017e+00 
 7.10500000e-09  0.00000000e+00  7.10500000e-09  1.79999970e+00 
 7.11500000e-09  0.00000000e+00  7.11500000e-09  1.80000017e+00 
 7.12500000e-09  0.00000000e+00  7.12500000e-09  1.79999972e+00 
 7.13500000e-09  0.00000000e+00  7.13500000e-09  1.80000016e+00 
 7.14500000e-09  0.00000000e+00  7.14500000e-09  1.79999973e+00 
 7.15500000e-09  0.00000000e+00  7.15500000e-09  1.80000016e+00 
 7.16500000e-09  0.00000000e+00  7.16500000e-09  1.79999975e+00 
 7.17500000e-09  0.00000000e+00  7.17500000e-09  1.80000016e+00 
 7.18500000e-09  0.00000000e+00  7.18500000e-09  1.79999976e+00 
 7.19500000e-09  0.00000000e+00  7.19500000e-09  1.80000015e+00 
 7.20500000e-09  0.00000000e+00  7.20500000e-09  1.79999977e+00 
 7.21500000e-09  0.00000000e+00  7.21500000e-09  1.80000015e+00 
 7.22500000e-09  0.00000000e+00  7.22500000e-09  1.79999978e+00 
 7.23500000e-09  0.00000000e+00  7.23500000e-09  1.80000014e+00 
 7.24500000e-09  0.00000000e+00  7.24500000e-09  1.79999979e+00 
 7.25500000e-09  0.00000000e+00  7.25500000e-09  1.80000014e+00 
 7.26500000e-09  0.00000000e+00  7.26500000e-09  1.79999979e+00 
 7.27500000e-09  0.00000000e+00  7.27500000e-09  1.80000013e+00 
 7.28500000e-09  0.00000000e+00  7.28500000e-09  1.79999980e+00 
 7.29500000e-09  0.00000000e+00  7.29500000e-09  1.80000012e+00 
 7.30500000e-09  0.00000000e+00  7.30500000e-09  1.79999980e+00 
 7.31500000e-09  0.00000000e+00  7.31500000e-09  1.80000012e+00 
 7.32500000e-09  0.00000000e+00  7.32500000e-09  1.79999981e+00 
 7.33500000e-09  0.00000000e+00  7.33500000e-09  1.80000011e+00 
 7.34500000e-09  0.00000000e+00  7.34500000e-09  1.79999981e+00 
 7.35500000e-09  0.00000000e+00  7.35500000e-09  1.80000011e+00 
 7.36500000e-09  0.00000000e+00  7.36500000e-09  1.79999982e+00 
 7.37500000e-09  0.00000000e+00  7.37500000e-09  1.80000010e+00 
 7.38500000e-09  0.00000000e+00  7.38500000e-09  1.79999982e+00 
 7.39500000e-09  0.00000000e+00  7.39500000e-09  1.80000010e+00 
 7.40500000e-09  0.00000000e+00  7.40500000e-09  1.79999982e+00 
 7.41500000e-09  0.00000000e+00  7.41500000e-09  1.80000010e+00 
 7.42500000e-09  0.00000000e+00  7.42500000e-09  1.79999983e+00 
 7.43500000e-09  0.00000000e+00  7.43500000e-09  1.80000009e+00 
 7.44500000e-09  0.00000000e+00  7.44500000e-09  1.79999983e+00 
 7.45500000e-09  0.00000000e+00  7.45500000e-09  1.80000009e+00 
 7.46500000e-09  0.00000000e+00  7.46500000e-09  1.79999983e+00 
 7.47500000e-09  0.00000000e+00  7.47500000e-09  1.80000009e+00 
 7.48500000e-09  0.00000000e+00  7.48500000e-09  1.79999984e+00 
 7.49500000e-09  0.00000000e+00  7.49500000e-09  1.80000008e+00 
 7.50500000e-09  0.00000000e+00  7.50500000e-09  1.79999984e+00 
 7.51500000e-09  0.00000000e+00  7.51500000e-09  1.80000008e+00 
 7.52500000e-09  0.00000000e+00  7.52500000e-09  1.79999984e+00 
 7.53500000e-09  0.00000000e+00  7.53500000e-09  1.80000008e+00 
 7.54500000e-09  0.00000000e+00  7.54500000e-09  1.79999985e+00 
 7.55500000e-09  0.00000000e+00  7.55500000e-09  1.80000007e+00 
 7.56500000e-09  0.00000000e+00  7.56500000e-09  1.79999985e+00 
 7.57500000e-09  0.00000000e+00  7.57500000e-09  1.80000007e+00 
 7.58500000e-09  0.00000000e+00  7.58500000e-09  1.79999985e+00 
 7.59500000e-09  0.00000000e+00  7.59500000e-09  1.80000007e+00 
 7.60500000e-09  0.00000000e+00  7.60500000e-09  1.79999985e+00 
 7.61500000e-09  0.00000000e+00  7.61500000e-09  1.80000007e+00 
 7.62500000e-09  0.00000000e+00  7.62500000e-09  1.79999985e+00 
 7.63500000e-09  0.00000000e+00  7.63500000e-09  1.80000006e+00 
 7.64500000e-09  0.00000000e+00  7.64500000e-09  1.79999986e+00 
 7.65500000e-09  0.00000000e+00  7.65500000e-09  1.80000006e+00 
 7.66500000e-09  0.00000000e+00  7.66500000e-09  1.79999986e+00 
 7.67500000e-09  0.00000000e+00  7.67500000e-09  1.80000006e+00 
 7.68500000e-09  0.00000000e+00  7.68500000e-09  1.79999986e+00 
 7.69500000e-09  0.00000000e+00  7.69500000e-09  1.80000006e+00 
 7.70500000e-09  0.00000000e+00  7.70500000e-09  1.79999986e+00 
 7.71500000e-09  0.00000000e+00  7.71500000e-09  1.80000006e+00 
 7.72500000e-09  0.00000000e+00  7.72500000e-09  1.79999987e+00 
 7.73500000e-09  0.00000000e+00  7.73500000e-09  1.80000005e+00 
 7.74500000e-09  0.00000000e+00  7.74500000e-09  1.79999987e+00 
 7.75500000e-09  0.00000000e+00  7.75500000e-09  1.80000005e+00 
 7.76500000e-09  0.00000000e+00  7.76500000e-09  1.79999987e+00 
 7.77500000e-09  0.00000000e+00  7.77500000e-09  1.80000005e+00 
 7.78500000e-09  0.00000000e+00  7.78500000e-09  1.79999987e+00 
 7.79500000e-09  0.00000000e+00  7.79500000e-09  1.80000005e+00 
 7.80500000e-09  0.00000000e+00  7.80500000e-09  1.79999987e+00 
 7.81500000e-09  0.00000000e+00  7.81500000e-09  1.80000005e+00 
 7.82500000e-09  0.00000000e+00  7.82500000e-09  1.79999987e+00 
 7.83500000e-09  0.00000000e+00  7.83500000e-09  1.80000005e+00 
 7.84500000e-09  0.00000000e+00  7.84500000e-09  1.79999988e+00 
 7.85500000e-09  0.00000000e+00  7.85500000e-09  1.80000005e+00 
 7.86500000e-09  0.00000000e+00  7.86500000e-09  1.79999988e+00 
 7.87500000e-09  0.00000000e+00  7.87500000e-09  1.80000004e+00 
 7.88500000e-09  0.00000000e+00  7.88500000e-09  1.79999988e+00 
 7.89500000e-09  0.00000000e+00  7.89500000e-09  1.80000004e+00 
 7.90500000e-09  0.00000000e+00  7.90500000e-09  1.79999988e+00 
 7.91500000e-09  0.00000000e+00  7.91500000e-09  1.80000004e+00 
 7.92500000e-09  0.00000000e+00  7.92500000e-09  1.79999988e+00 
 7.93500000e-09  0.00000000e+00  7.93500000e-09  1.80000004e+00 
 7.94500000e-09  0.00000000e+00  7.94500000e-09  1.79999988e+00 
 7.95500000e-09  0.00000000e+00  7.95500000e-09  1.80000004e+00 
 7.96500000e-09  0.00000000e+00  7.96500000e-09  1.79999989e+00 
 7.97500000e-09  0.00000000e+00  7.97500000e-09  1.80000004e+00 
 7.98500000e-09  0.00000000e+00  7.98500000e-09  1.79999989e+00 
 7.99500000e-09  0.00000000e+00  7.99500000e-09  1.80000004e+00 
 8.00500000e-09  0.00000000e+00  8.00500000e-09  1.79999989e+00 
 8.01500000e-09  0.00000000e+00  8.01500000e-09  1.80000004e+00 
 8.02500000e-09  0.00000000e+00  8.02500000e-09  1.79999989e+00 
 8.03500000e-09  0.00000000e+00  8.03500000e-09  1.80000003e+00 
 8.04500000e-09  0.00000000e+00  8.04500000e-09  1.79999989e+00 
 8.05500000e-09  0.00000000e+00  8.05500000e-09  1.80000003e+00 
 8.06500000e-09  0.00000000e+00  8.06500000e-09  1.79999989e+00 
 8.07500000e-09  0.00000000e+00  8.07500000e-09  1.80000003e+00 
 8.08500000e-09  0.00000000e+00  8.08500000e-09  1.79999989e+00 
 8.09500000e-09  0.00000000e+00  8.09500000e-09  1.80000003e+00 
 8.10500000e-09  0.00000000e+00  8.10500000e-09  1.79999990e+00 
 8.11500000e-09  0.00000000e+00  8.11500000e-09  1.80000003e+00 
 8.12500000e-09  0.00000000e+00  8.12500000e-09  1.79999990e+00 
 8.13500000e-09  0.00000000e+00  8.13500000e-09  1.80000003e+00 
 8.14500000e-09  0.00000000e+00  8.14500000e-09  1.79999990e+00 
 8.15500000e-09  0.00000000e+00  8.15500000e-09  1.80000003e+00 
 8.16500000e-09  0.00000000e+00  8.16500000e-09  1.79999990e+00 
 8.17500000e-09  0.00000000e+00  8.17500000e-09  1.80000003e+00 
 8.18500000e-09  0.00000000e+00  8.18500000e-09  1.79999990e+00 
 8.19500000e-09  0.00000000e+00  8.19500000e-09  1.80000003e+00 
 8.20500000e-09  0.00000000e+00  8.20500000e-09  1.79999990e+00 
 8.21500000e-09  0.00000000e+00  8.21500000e-09  1.80000003e+00 
 8.22500000e-09  0.00000000e+00  8.22500000e-09  1.79999991e+00 
 8.23500000e-09  0.00000000e+00  8.23500000e-09  1.80000003e+00 
 8.24500000e-09  0.00000000e+00  8.24500000e-09  1.79999991e+00 
 8.25500000e-09  0.00000000e+00  8.25500000e-09  1.80000003e+00 
 8.26500000e-09  0.00000000e+00  8.26500000e-09  1.79999991e+00 
 8.27500000e-09  0.00000000e+00  8.27500000e-09  1.80000003e+00 
 8.28500000e-09  0.00000000e+00  8.28500000e-09  1.79999991e+00 
 8.29500000e-09  0.00000000e+00  8.29500000e-09  1.80000003e+00 
 8.30500000e-09  0.00000000e+00  8.30500000e-09  1.79999991e+00 
 8.31500000e-09  0.00000000e+00  8.31500000e-09  1.80000003e+00 
 8.32500000e-09  0.00000000e+00  8.32500000e-09  1.79999991e+00 
 8.33500000e-09  0.00000000e+00  8.33500000e-09  1.80000003e+00 
 8.34500000e-09  0.00000000e+00  8.34500000e-09  1.79999991e+00 
 8.35500000e-09  0.00000000e+00  8.35500000e-09  1.80000002e+00 
 8.36500000e-09  0.00000000e+00  8.36500000e-09  1.79999991e+00 
 8.37500000e-09  0.00000000e+00  8.37500000e-09  1.80000002e+00 
 8.38500000e-09  0.00000000e+00  8.38500000e-09  1.79999991e+00 
 8.39500000e-09  0.00000000e+00  8.39500000e-09  1.80000002e+00 
 8.40500000e-09  0.00000000e+00  8.40500000e-09  1.79999992e+00 
 8.41500000e-09  0.00000000e+00  8.41500000e-09  1.80000002e+00 
 8.42500000e-09  0.00000000e+00  8.42500000e-09  1.79999992e+00 
 8.43500000e-09  0.00000000e+00  8.43500000e-09  1.80000002e+00 
 8.44500000e-09  0.00000000e+00  8.44500000e-09  1.79999992e+00 
 8.45500000e-09  0.00000000e+00  8.45500000e-09  1.80000002e+00 
 8.46500000e-09  0.00000000e+00  8.46500000e-09  1.79999992e+00 
 8.47500000e-09  0.00000000e+00  8.47500000e-09  1.80000002e+00 
 8.48500000e-09  0.00000000e+00  8.48500000e-09  1.79999992e+00 
 8.49500000e-09  0.00000000e+00  8.49500000e-09  1.80000002e+00 
 8.50500000e-09  0.00000000e+00  8.50500000e-09  1.79999992e+00 
 8.51500000e-09  0.00000000e+00  8.51500000e-09  1.80000002e+00 
 8.52500000e-09  0.00000000e+00  8.52500000e-09  1.79999993e+00 
 8.53500000e-09  0.00000000e+00  8.53500000e-09  1.80000003e+00 
 8.54500000e-09  0.00000000e+00  8.54500000e-09  1.79999993e+00 
 8.55500000e-09  0.00000000e+00  8.55500000e-09  1.80000002e+00 
 8.56500000e-09  0.00000000e+00  8.56500000e-09  1.79999993e+00 
 8.57500000e-09  0.00000000e+00  8.57500000e-09  1.80000003e+00 
 8.58500000e-09  0.00000000e+00  8.58500000e-09  1.79999994e+00 
 8.59500000e-09  0.00000000e+00  8.59500000e-09  1.80000003e+00 
 8.60500000e-09  0.00000000e+00  8.60500000e-09  1.79999994e+00 
 8.61500000e-09  0.00000000e+00  8.61500000e-09  1.80000003e+00 
 8.62500000e-09  0.00000000e+00  8.62500000e-09  1.79999994e+00 
 8.63500000e-09  0.00000000e+00  8.63500000e-09  1.80000003e+00 
 8.64500000e-09  0.00000000e+00  8.64500000e-09  1.79999994e+00 
 8.65500000e-09  0.00000000e+00  8.65500000e-09  1.80000003e+00 
 8.66500000e-09  0.00000000e+00  8.66500000e-09  1.79999994e+00 
 8.67500000e-09  0.00000000e+00  8.67500000e-09  1.80000003e+00 
 8.68500000e-09  0.00000000e+00  8.68500000e-09  1.79999994e+00 
 8.69500000e-09  0.00000000e+00  8.69500000e-09  1.80000003e+00 
 8.70500000e-09  0.00000000e+00  8.70500000e-09  1.79999994e+00 
 8.71500000e-09  0.00000000e+00  8.71500000e-09  1.80000003e+00 
 8.72500000e-09  0.00000000e+00  8.72500000e-09  1.79999994e+00 
 8.73500000e-09  0.00000000e+00  8.73500000e-09  1.80000003e+00 
 8.74500000e-09  0.00000000e+00  8.74500000e-09  1.79999994e+00 
 8.75500000e-09  0.00000000e+00  8.75500000e-09  1.80000003e+00 
 8.76500000e-09  0.00000000e+00  8.76500000e-09  1.79999995e+00 
 8.77500000e-09  0.00000000e+00  8.77500000e-09  1.80000003e+00 
 8.78500000e-09  0.00000000e+00  8.78500000e-09  1.79999995e+00 
 8.79500000e-09  0.00000000e+00  8.79500000e-09  1.80000004e+00 
 8.80500000e-09  0.00000000e+00  8.80500000e-09  1.79999996e+00 
 8.81500000e-09  0.00000000e+00  8.81500000e-09  1.80000004e+00 
 8.82500000e-09  0.00000000e+00  8.82500000e-09  1.79999996e+00 
 8.83500000e-09  0.00000000e+00  8.83500000e-09  1.80000004e+00 
 8.84500000e-09  0.00000000e+00  8.84500000e-09  1.79999996e+00 
 8.85500000e-09  0.00000000e+00  8.85500000e-09  1.80000004e+00 
 8.86500000e-09  0.00000000e+00  8.86500000e-09  1.79999996e+00 
 8.87500000e-09  0.00000000e+00  8.87500000e-09  1.80000004e+00 
 8.88500000e-09  0.00000000e+00  8.88500000e-09  1.79999996e+00 
 8.89500000e-09  0.00000000e+00  8.89500000e-09  1.80000004e+00 
 8.90500000e-09  0.00000000e+00  8.90500000e-09  1.79999996e+00 
 8.91500000e-09  0.00000000e+00  8.91500000e-09  1.80000004e+00 
 8.92500000e-09  0.00000000e+00  8.92500000e-09  1.79999996e+00 
 8.93500000e-09  0.00000000e+00  8.93500000e-09  1.80000003e+00 
 8.94500000e-09  0.00000000e+00  8.94500000e-09  1.79999996e+00 
 8.95500000e-09  0.00000000e+00  8.95500000e-09  1.80000003e+00 
 8.96500000e-09  0.00000000e+00  8.96500000e-09  1.79999996e+00 
 8.97500000e-09  0.00000000e+00  8.97500000e-09  1.80000003e+00 
 8.98500000e-09  0.00000000e+00  8.98500000e-09  1.79999996e+00 
 8.99500000e-09  0.00000000e+00  8.99500000e-09  1.80000003e+00 
 9.00500000e-09  0.00000000e+00  9.00500000e-09  1.79999996e+00 
 9.01500000e-09  0.00000000e+00  9.01500000e-09  1.80000003e+00 
 9.02500000e-09  0.00000000e+00  9.02500000e-09  1.79999996e+00 
 9.03500000e-09  0.00000000e+00  9.03500000e-09  1.80000003e+00 
 9.04500000e-09  0.00000000e+00  9.04500000e-09  1.79999996e+00 
 9.05500000e-09  0.00000000e+00  9.05500000e-09  1.80000003e+00 
 9.06500000e-09  0.00000000e+00  9.06500000e-09  1.79999996e+00 
 9.07500000e-09  0.00000000e+00  9.07500000e-09  1.80000003e+00 
 9.08500000e-09  0.00000000e+00  9.08500000e-09  1.79999996e+00 
 9.09500000e-09  0.00000000e+00  9.09500000e-09  1.80000003e+00 
 9.10500000e-09  0.00000000e+00  9.10500000e-09  1.79999996e+00 
 9.11500000e-09  0.00000000e+00  9.11500000e-09  1.80000003e+00 
 9.12500000e-09  0.00000000e+00  9.12500000e-09  1.79999996e+00 
 9.13500000e-09  0.00000000e+00  9.13500000e-09  1.80000003e+00 
 9.14500000e-09  0.00000000e+00  9.14500000e-09  1.79999996e+00 
 9.15500000e-09  0.00000000e+00  9.15500000e-09  1.80000003e+00 
 9.16500000e-09  0.00000000e+00  9.16500000e-09  1.79999997e+00 
 9.17500000e-09  0.00000000e+00  9.17500000e-09  1.80000003e+00 
 9.18500000e-09  0.00000000e+00  9.18500000e-09  1.79999997e+00 
 9.19500000e-09  0.00000000e+00  9.19500000e-09  1.80000003e+00 
 9.20500000e-09  0.00000000e+00  9.20500000e-09  1.79999997e+00 
 9.21500000e-09  0.00000000e+00  9.21500000e-09  1.80000003e+00 
 9.22500000e-09  0.00000000e+00  9.22500000e-09  1.79999997e+00 
 9.23500000e-09  0.00000000e+00  9.23500000e-09  1.80000003e+00 
 9.24500000e-09  0.00000000e+00  9.24500000e-09  1.79999997e+00 
 9.25500000e-09  0.00000000e+00  9.25500000e-09  1.80000003e+00 
 9.26500000e-09  0.00000000e+00  9.26500000e-09  1.79999997e+00 
 9.27500000e-09  0.00000000e+00  9.27500000e-09  1.80000003e+00 
 9.28500000e-09  0.00000000e+00  9.28500000e-09  1.79999997e+00 
 9.29500000e-09  0.00000000e+00  9.29500000e-09  1.80000003e+00 
 9.30500000e-09  0.00000000e+00  9.30500000e-09  1.79999997e+00 
 9.31500000e-09  0.00000000e+00  9.31500000e-09  1.80000003e+00 
 9.32500000e-09  0.00000000e+00  9.32500000e-09  1.79999997e+00 
 9.33500000e-09  0.00000000e+00  9.33500000e-09  1.80000003e+00 
 9.34500000e-09  0.00000000e+00  9.34500000e-09  1.79999997e+00 
 9.35500000e-09  0.00000000e+00  9.35500000e-09  1.80000003e+00 
 9.36500000e-09  0.00000000e+00  9.36500000e-09  1.79999997e+00 
 9.37500000e-09  0.00000000e+00  9.37500000e-09  1.80000003e+00 
 9.38500000e-09  0.00000000e+00  9.38500000e-09  1.79999997e+00 
 9.39500000e-09  0.00000000e+00  9.39500000e-09  1.80000003e+00 
 9.40500000e-09  0.00000000e+00  9.40500000e-09  1.79999997e+00 
 9.41500000e-09  0.00000000e+00  9.41500000e-09  1.80000002e+00 
 9.42500000e-09  0.00000000e+00  9.42500000e-09  1.79999997e+00 
 9.43500000e-09  0.00000000e+00  9.43500000e-09  1.80000002e+00 
 9.44500000e-09  0.00000000e+00  9.44500000e-09  1.79999997e+00 
 9.45500000e-09  0.00000000e+00  9.45500000e-09  1.80000002e+00 
 9.46500000e-09  0.00000000e+00  9.46500000e-09  1.79999997e+00 
 9.47500000e-09  0.00000000e+00  9.47500000e-09  1.80000002e+00 
 9.48500000e-09  0.00000000e+00  9.48500000e-09  1.79999997e+00 
 9.49500000e-09  0.00000000e+00  9.49500000e-09  1.80000002e+00 
 9.50500000e-09  0.00000000e+00  9.50500000e-09  1.79999997e+00 
 9.51500000e-09  0.00000000e+00  9.51500000e-09  1.80000002e+00 
 9.52500000e-09  0.00000000e+00  9.52500000e-09  1.79999997e+00 
 9.53500000e-09  0.00000000e+00  9.53500000e-09  1.80000002e+00 
 9.54500000e-09  0.00000000e+00  9.54500000e-09  1.79999997e+00 
 9.55500000e-09  0.00000000e+00  9.55500000e-09  1.80000002e+00 
 9.56500000e-09  0.00000000e+00  9.56500000e-09  1.79999997e+00 
 9.57500000e-09  0.00000000e+00  9.57500000e-09  1.80000002e+00 
 9.58500000e-09  0.00000000e+00  9.58500000e-09  1.79999997e+00 
 9.59500000e-09  0.00000000e+00  9.59500000e-09  1.80000002e+00 
 9.60500000e-09  0.00000000e+00  9.60500000e-09  1.79999997e+00 
 9.61500000e-09  0.00000000e+00  9.61500000e-09  1.80000002e+00 
 9.62500000e-09  0.00000000e+00  9.62500000e-09  1.79999997e+00 
 9.63500000e-09  0.00000000e+00  9.63500000e-09  1.80000002e+00 
 9.64500000e-09  0.00000000e+00  9.64500000e-09  1.79999997e+00 
 9.65500000e-09  0.00000000e+00  9.65500000e-09  1.80000002e+00 
 9.66500000e-09  0.00000000e+00  9.66500000e-09  1.79999997e+00 
 9.67500000e-09  0.00000000e+00  9.67500000e-09  1.80000002e+00 
 9.68500000e-09  0.00000000e+00  9.68500000e-09  1.79999997e+00 
 9.69500000e-09  0.00000000e+00  9.69500000e-09  1.80000002e+00 
 9.70500000e-09  0.00000000e+00  9.70500000e-09  1.79999997e+00 
 9.71500000e-09  0.00000000e+00  9.71500000e-09  1.80000002e+00 
 9.72500000e-09  0.00000000e+00  9.72500000e-09  1.79999997e+00 
 9.73500000e-09  0.00000000e+00  9.73500000e-09  1.80000002e+00 
 9.74500000e-09  0.00000000e+00  9.74500000e-09  1.79999997e+00 
 9.75500000e-09  0.00000000e+00  9.75500000e-09  1.80000002e+00 
 9.76500000e-09  0.00000000e+00  9.76500000e-09  1.79999998e+00 
 9.77500000e-09  0.00000000e+00  9.77500000e-09  1.80000002e+00 
 9.78500000e-09  0.00000000e+00  9.78500000e-09  1.79999998e+00 
 9.79500000e-09  0.00000000e+00  9.79500000e-09  1.80000002e+00 
 9.80500000e-09  0.00000000e+00  9.80500000e-09  1.79999998e+00 
 9.81500000e-09  0.00000000e+00  9.81500000e-09  1.80000002e+00 
 9.82500000e-09  0.00000000e+00  9.82500000e-09  1.79999998e+00 
 9.83500000e-09  0.00000000e+00  9.83500000e-09  1.80000002e+00 
 9.84500000e-09  0.00000000e+00  9.84500000e-09  1.79999998e+00 
 9.85500000e-09  0.00000000e+00  9.85500000e-09  1.80000002e+00 
 9.86500000e-09  0.00000000e+00  9.86500000e-09  1.79999998e+00 
 9.87500000e-09  0.00000000e+00  9.87500000e-09  1.80000002e+00 
 9.88500000e-09  0.00000000e+00  9.88500000e-09  1.79999998e+00 
 9.89500000e-09  0.00000000e+00  9.89500000e-09  1.80000002e+00 
 9.90500000e-09  0.00000000e+00  9.90500000e-09  1.79999998e+00 
 9.91500000e-09  0.00000000e+00  9.91500000e-09  1.80000002e+00 
 9.92500000e-09  0.00000000e+00  9.92500000e-09  1.79999998e+00 
 9.93500000e-09  0.00000000e+00  9.93500000e-09  1.80000002e+00 
 9.94500000e-09  0.00000000e+00  9.94500000e-09  1.79999998e+00 
 9.95500000e-09  0.00000000e+00  9.95500000e-09  1.80000002e+00 
 9.96500000e-09  0.00000000e+00  9.96500000e-09  1.79999998e+00 
 9.97500000e-09  0.00000000e+00  9.97500000e-09  1.80000002e+00 
 9.98500000e-09  0.00000000e+00  9.98500000e-09  1.79999998e+00 
 9.99500000e-09  0.00000000e+00  9.99500000e-09  1.80000002e+00 
 1.00000000e-08  0.00000000e+00  1.00000000e-08  1.79999998e+00 
 1.00010000e-08  0.00000000e+00  1.00010000e-08  1.80179033e+00 
 1.00030000e-08  0.00000000e+00  1.00030000e-08  1.80505254e+00 
 1.00070000e-08  0.00000000e+00  1.00070000e-08  1.81088807e+00 
 1.00150000e-08  0.00000000e+00  1.00150000e-08  1.81902052e+00 
 1.00250000e-08  0.00000000e+00  1.00250000e-08  1.82441719e+00 
 1.00350000e-08  0.00000000e+00  1.00350000e-08  1.82734161e+00 
 1.00450000e-08  0.00000000e+00  1.00450000e-08  1.82912464e+00 
 1.00550000e-08  0.00000000e+00  1.00550000e-08  1.83051122e+00 
 1.00650000e-08  0.00000000e+00  1.00650000e-08  1.83169438e+00 
 1.00750000e-08  0.00000000e+00  1.00750000e-08  1.83290562e+00 
 1.00850000e-08  0.00000000e+00  1.00850000e-08  1.83412942e+00 
 1.00950000e-08  0.00000000e+00  1.00950000e-08  1.83548898e+00 
 1.01050000e-08  0.00000000e+00  1.01050000e-08  1.83693478e+00 
 1.01150000e-08  0.00000000e+00  1.01150000e-08  1.83856201e+00 
 1.01250000e-08  0.00000000e+00  1.01250000e-08  1.84032085e+00 
 1.01350000e-08  0.00000000e+00  1.01350000e-08  1.84229228e+00 
 1.01450000e-08  0.00000000e+00  1.01450000e-08  1.84442311e+00 
 1.01550000e-08  0.00000000e+00  1.01550000e-08  1.84676253e+00 
 1.01650000e-08  0.00000000e+00  1.01650000e-08  1.84921192e+00 
 1.01750000e-08  0.00000000e+00  1.01750000e-08  1.85172107e+00 
 1.01850000e-08  0.00000000e+00  1.01850000e-08  1.85406092e+00 
 1.01950000e-08  0.00000000e+00  1.01950000e-08  1.85601920e+00 
 1.02050000e-08  0.00000000e+00  1.02050000e-08  1.85723860e+00 
 1.02150000e-08  0.00000000e+00  1.02150000e-08  1.85741791e+00 
 1.02250000e-08  0.00000000e+00  1.02250000e-08  1.85614334e+00 
 1.02350000e-08  0.00000000e+00  1.02350000e-08  1.85306125e+00 
 1.02450000e-08  0.00000000e+00  1.02450000e-08  1.84875885e+00 
 1.02550000e-08  0.00000000e+00  1.02550000e-08  1.84166852e+00 
 1.02650000e-08  0.00000000e+00  1.02650000e-08  1.83066276e+00 
 1.02750000e-08  0.00000000e+00  1.02750000e-08  1.81374605e+00 
 1.02850000e-08  0.00000000e+00  1.02850000e-08  1.78605467e+00 
 1.02950000e-08  0.00000000e+00  1.02950000e-08  1.73791696e+00 
 1.03050000e-08  0.00000000e+00  1.03050000e-08  1.66510782e+00 
 1.03150000e-08  0.00000000e+00  1.03150000e-08  1.57235289e+00 
 1.03250000e-08  0.00000000e+00  1.03250000e-08  1.46236546e+00 
 1.03350000e-08  0.00000000e+00  1.03350000e-08  1.33614417e+00 
 1.03450000e-08  0.00000000e+00  1.03450000e-08  1.19404162e+00 
 1.03550000e-08  0.00000000e+00  1.03550000e-08  1.03637788e+00 
 1.03650000e-08  0.00000000e+00  1.03650000e-08  8.63875008e-01 
 1.03750000e-08  0.00000000e+00  1.03750000e-08  6.78412467e-01 
 1.03850000e-08  0.00000000e+00  1.03850000e-08  4.86676251e-01 
 1.03950000e-08  0.00000000e+00  1.03950000e-08  3.21447007e-01 
 1.04050000e-08  0.00000000e+00  1.04050000e-08  2.04345325e-01 
 1.04150000e-08  0.00000000e+00  1.04150000e-08  1.28501846e-01 
 1.04250000e-08  0.00000000e+00  1.04250000e-08  8.22782173e-02 
 1.04350000e-08  0.00000000e+00  1.04350000e-08  5.55729776e-02 
 1.04450000e-08  0.00000000e+00  1.04450000e-08  4.02760378e-02 
 1.04550000e-08  0.00000000e+00  1.04550000e-08  3.16104456e-02 
 1.04650000e-08  0.00000000e+00  1.04650000e-08  2.64979261e-02 
 1.04750000e-08  0.00000000e+00  1.04750000e-08  2.34507396e-02 
 1.04850000e-08  0.00000000e+00  1.04850000e-08  2.14447473e-02 
 1.04950000e-08  0.00000000e+00  1.04950000e-08  2.01028713e-02 
 1.05000000e-08  0.00000000e+00  1.05000000e-08  1.95477834e-02 
 1.05010000e-08  0.00000000e+00  1.05010000e-08  1.82516009e-02 
 1.05030000e-08  0.00000000e+00  1.05030000e-08  1.59728145e-02 
 1.05070000e-08  0.00000000e+00  1.05070000e-08  1.22259311e-02 
 1.05150000e-08  0.00000000e+00  1.05150000e-08  7.08617071e-03 
 1.05250000e-08  0.00000000e+00  1.05250000e-08  3.61973116e-03 
 1.05350000e-08  0.00000000e+00  1.05350000e-08  1.88590147e-03 
 1.05450000e-08  0.00000000e+00  1.05450000e-08  1.05256132e-03 
 1.05550000e-08  0.00000000e+00  1.05550000e-08  6.16027111e-04 
 1.05650000e-08  0.00000000e+00  1.05650000e-08  4.20625921e-04 
 1.05750000e-08  0.00000000e+00  1.05750000e-08  3.01418361e-04 
 1.05850000e-08  0.00000000e+00  1.05850000e-08  2.61474348e-04 
 1.05950000e-08  0.00000000e+00  1.05950000e-08  2.21693861e-04 
 1.06050000e-08  0.00000000e+00  1.06050000e-08  2.19722687e-04 
 1.06150000e-08  0.00000000e+00  1.06150000e-08  2.00937355e-04 
 1.06250000e-08  0.00000000e+00  1.06250000e-08  2.07874764e-04 
 1.06350000e-08  0.00000000e+00  1.06350000e-08  1.95355403e-04 
 1.06450000e-08  0.00000000e+00  1.06450000e-08  2.03888262e-04 
 1.06550000e-08  0.00000000e+00  1.06550000e-08  1.93771415e-04 
 1.06650000e-08  0.00000000e+00  1.06650000e-08  2.02057781e-04 
 1.06750000e-08  0.00000000e+00  1.06750000e-08  1.93252385e-04 
 1.06850000e-08  0.00000000e+00  1.06850000e-08  2.00860173e-04 
 1.06950000e-08  0.00000000e+00  1.06950000e-08  1.93006518e-04 
 1.07050000e-08  0.00000000e+00  1.07050000e-08  1.99874133e-04 
 1.07150000e-08  0.00000000e+00  1.07150000e-08  1.92815115e-04 
 1.07250000e-08  0.00000000e+00  1.07250000e-08  1.98977770e-04 
 1.07350000e-08  0.00000000e+00  1.07350000e-08  1.92617629e-04 
 1.07450000e-08  0.00000000e+00  1.07450000e-08  1.98133209e-04 
 1.07550000e-08  0.00000000e+00  1.07550000e-08  1.92398388e-04 
 1.07650000e-08  0.00000000e+00  1.07650000e-08  1.97326977e-04 
 1.07750000e-08  0.00000000e+00  1.07750000e-08  1.92154498e-04 
 1.07850000e-08  0.00000000e+00  1.07850000e-08  1.96552761e-04 
 1.07950000e-08  0.00000000e+00  1.07950000e-08  1.91887384e-04 
 1.08050000e-08  0.00000000e+00  1.08050000e-08  1.95807429e-04 
 1.08150000e-08  0.00000000e+00  1.08150000e-08  1.91598909e-04 
 1.08250000e-08  0.00000000e+00  1.08250000e-08  1.95087869e-04 
 1.08350000e-08  0.00000000e+00  1.08350000e-08  1.91291115e-04 
 1.08450000e-08  0.00000000e+00  1.08450000e-08  1.94391712e-04 
 1.08550000e-08  0.00000000e+00  1.08550000e-08  1.90966066e-04 
 1.08650000e-08  0.00000000e+00  1.08650000e-08  1.93716896e-04 
 1.08750000e-08  0.00000000e+00  1.08750000e-08  1.90625671e-04 
 1.08850000e-08  0.00000000e+00  1.08850000e-08  1.93061567e-04 
 1.08950000e-08  0.00000000e+00  1.08950000e-08  1.90271662e-04 
 1.09050000e-08  0.00000000e+00  1.09050000e-08  1.92424044e-04 
 1.09150000e-08  0.00000000e+00  1.09150000e-08  1.89905603e-04 
 1.09250000e-08  0.00000000e+00  1.09250000e-08  1.91802807e-04 
 1.09350000e-08  0.00000000e+00  1.09350000e-08  1.89528904e-04 
 1.09450000e-08  0.00000000e+00  1.09450000e-08  1.91196481e-04 
 1.09550000e-08  0.00000000e+00  1.09550000e-08  1.89142839e-04 
 1.09650000e-08  0.00000000e+00  1.09650000e-08  1.90603822e-04 
 1.09750000e-08  0.00000000e+00  1.09750000e-08  1.88748553e-04 
 1.09850000e-08  0.00000000e+00  1.09850000e-08  1.90023709e-04 
 1.09950000e-08  0.00000000e+00  1.09950000e-08  1.88347079e-04 
 1.10050000e-08  0.00000000e+00  1.10050000e-08  1.89455125e-04 
 1.10150000e-08  0.00000000e+00  1.10150000e-08  1.87939346e-04 
 1.10250000e-08  0.00000000e+00  1.10250000e-08  1.88897155e-04 
 1.10350000e-08  0.00000000e+00  1.10350000e-08  1.87526190e-04 
 1.10450000e-08  0.00000000e+00  1.10450000e-08  1.88348972e-04 
 1.10550000e-08  0.00000000e+00  1.10550000e-08  1.87108361e-04 
 1.10650000e-08  0.00000000e+00  1.10650000e-08  1.87809828e-04 
 1.10750000e-08  0.00000000e+00  1.10750000e-08  1.86686537e-04 
 1.10850000e-08  0.00000000e+00  1.10850000e-08  1.87279049e-04 
 1.10950000e-08  0.00000000e+00  1.10950000e-08  1.86261324e-04 
 1.11050000e-08  0.00000000e+00  1.11050000e-08  1.86756026e-04 
 1.11150000e-08  0.00000000e+00  1.11150000e-08  1.85833269e-04 
 1.11250000e-08  0.00000000e+00  1.11250000e-08  1.86240208e-04 
 1.11350000e-08  0.00000000e+00  1.11350000e-08  1.85402860e-04 
 1.11450000e-08  0.00000000e+00  1.11450000e-08  1.85731096e-04 
 1.11550000e-08  0.00000000e+00  1.11550000e-08  1.84970539e-04 
 1.11650000e-08  0.00000000e+00  1.11650000e-08  1.85228243e-04 
 1.11750000e-08  0.00000000e+00  1.11750000e-08  1.84536701e-04 
 1.11850000e-08  0.00000000e+00  1.11850000e-08  1.84731240e-04 
 1.11950000e-08  0.00000000e+00  1.11950000e-08  1.84101700e-04 
 1.12050000e-08  0.00000000e+00  1.12050000e-08  1.84239720e-04 
 1.12150000e-08  0.00000000e+00  1.12150000e-08  1.83665854e-04 
 1.12250000e-08  0.00000000e+00  1.12250000e-08  1.83753349e-04 
 1.12350000e-08  0.00000000e+00  1.12350000e-08  1.83229450e-04 
 1.12450000e-08  0.00000000e+00  1.12450000e-08  1.83271826e-04 
 1.12550000e-08  0.00000000e+00  1.12550000e-08  1.82792742e-04 
 1.12650000e-08  0.00000000e+00  1.12650000e-08  1.82794877e-04 
 1.12750000e-08  0.00000000e+00  1.12750000e-08  1.82355960e-04 
 1.12850000e-08  0.00000000e+00  1.12850000e-08  1.82322253e-04 
 1.12950000e-08  0.00000000e+00  1.12950000e-08  1.81919310e-04 
 1.13050000e-08  0.00000000e+00  1.13050000e-08  1.81853731e-04 
 1.13150000e-08  0.00000000e+00  1.13150000e-08  1.81482975e-04 
 1.13250000e-08  0.00000000e+00  1.13250000e-08  1.81389104e-04 
 1.13350000e-08  0.00000000e+00  1.13350000e-08  1.81047122e-04 
 1.13450000e-08  0.00000000e+00  1.13450000e-08  1.80928187e-04 
 1.13550000e-08  0.00000000e+00  1.13550000e-08  1.80611896e-04 
 1.13650000e-08  0.00000000e+00  1.13650000e-08  1.80470812e-04 
 1.13750000e-08  0.00000000e+00  1.13750000e-08  1.80177430e-04 
 1.13850000e-08  0.00000000e+00  1.13850000e-08  1.80016823e-04 
 1.13950000e-08  0.00000000e+00  1.13950000e-08  1.79743842e-04 
 1.14050000e-08  0.00000000e+00  1.14050000e-08  1.79566080e-04 
 1.14150000e-08  0.00000000e+00  1.14150000e-08  1.79311236e-04 
 1.14250000e-08  0.00000000e+00  1.14250000e-08  1.79118455e-04 
 1.14350000e-08  0.00000000e+00  1.14350000e-08  1.78879706e-04 
 1.14450000e-08  0.00000000e+00  1.14450000e-08  1.78673831e-04 
 1.14550000e-08  0.00000000e+00  1.14550000e-08  1.78449336e-04 
 1.14650000e-08  0.00000000e+00  1.14650000e-08  1.78232102e-04 
 1.14750000e-08  0.00000000e+00  1.14750000e-08  1.78020199e-04 
 1.14850000e-08  0.00000000e+00  1.14850000e-08  1.77793168e-04 
 1.14950000e-08  0.00000000e+00  1.14950000e-08  1.77592361e-04 
 1.15050000e-08  0.00000000e+00  1.15050000e-08  1.77356939e-04 
 1.15150000e-08  0.00000000e+00  1.15150000e-08  1.77165881e-04 
 1.15250000e-08  0.00000000e+00  1.15250000e-08  1.76923335e-04 
 1.15350000e-08  0.00000000e+00  1.15350000e-08  1.76740810e-04 
 1.15450000e-08  0.00000000e+00  1.15450000e-08  1.76492278e-04 
 1.15550000e-08  0.00000000e+00  1.15550000e-08  1.76317194e-04 
 1.15650000e-08  0.00000000e+00  1.15650000e-08  1.76063698e-04 
 1.15750000e-08  0.00000000e+00  1.15750000e-08  1.75895072e-04 
 1.15850000e-08  0.00000000e+00  1.15850000e-08  1.75637533e-04 
 1.15950000e-08  0.00000000e+00  1.15950000e-08  1.75474479e-04 
 1.16050000e-08  0.00000000e+00  1.16050000e-08  1.75213721e-04 
 1.16150000e-08  0.00000000e+00  1.16150000e-08  1.75055446e-04 
 1.16250000e-08  0.00000000e+00  1.16250000e-08  1.74792208e-04 
 1.16350000e-08  0.00000000e+00  1.16350000e-08  1.74637999e-04 
 1.16450000e-08  0.00000000e+00  1.16450000e-08  1.74372944e-04 
 1.16550000e-08  0.00000000e+00  1.16550000e-08  1.74222161e-04 
 1.16650000e-08  0.00000000e+00  1.16650000e-08  1.73955881e-04 
 1.16750000e-08  0.00000000e+00  1.16750000e-08  1.73807951e-04 
 1.16850000e-08  0.00000000e+00  1.16850000e-08  1.73540976e-04 
 1.16950000e-08  0.00000000e+00  1.16950000e-08  1.73395386e-04 
 1.17050000e-08  0.00000000e+00  1.17050000e-08  1.73128188e-04 
 1.17150000e-08  0.00000000e+00  1.17150000e-08  1.72984481e-04 
 1.17250000e-08  0.00000000e+00  1.17250000e-08  1.72717478e-04 
 1.17350000e-08  0.00000000e+00  1.17350000e-08  1.72575245e-04 
 1.17450000e-08  0.00000000e+00  1.17450000e-08  1.72308812e-04 
 1.17550000e-08  0.00000000e+00  1.17550000e-08  1.72167689e-04 
 1.17650000e-08  0.00000000e+00  1.17650000e-08  1.71902156e-04 
 1.17750000e-08  0.00000000e+00  1.17750000e-08  1.71761820e-04 
 1.17850000e-08  0.00000000e+00  1.17850000e-08  1.71497479e-04 
 1.17950000e-08  0.00000000e+00  1.17950000e-08  1.71357644e-04 
 1.18050000e-08  0.00000000e+00  1.18050000e-08  1.71094752e-04 
 1.18150000e-08  0.00000000e+00  1.18150000e-08  1.70955163e-04 
 1.18250000e-08  0.00000000e+00  1.18250000e-08  1.70693948e-04 
 1.18350000e-08  0.00000000e+00  1.18350000e-08  1.70554382e-04 
 1.18450000e-08  0.00000000e+00  1.18450000e-08  1.70295040e-04 
 1.18550000e-08  0.00000000e+00  1.18550000e-08  1.70155301e-04 
 1.18650000e-08  0.00000000e+00  1.18650000e-08  1.69898004e-04 
 1.18750000e-08  0.00000000e+00  1.18750000e-08  1.69757920e-04 
 1.18850000e-08  0.00000000e+00  1.18850000e-08  1.69502818e-04 
 1.18950000e-08  0.00000000e+00  1.18950000e-08  1.69362239e-04 
 1.19050000e-08  0.00000000e+00  1.19050000e-08  1.69109459e-04 
 1.19150000e-08  0.00000000e+00  1.19150000e-08  1.68968255e-04 
 1.19250000e-08  0.00000000e+00  1.19250000e-08  1.68717906e-04 
 1.19350000e-08  0.00000000e+00  1.19350000e-08  1.68575965e-04 
 1.19450000e-08  0.00000000e+00  1.19450000e-08  1.68328140e-04 
 1.19550000e-08  0.00000000e+00  1.19550000e-08  1.68185366e-04 
 1.19650000e-08  0.00000000e+00  1.19650000e-08  1.67940141e-04 
 1.19750000e-08  0.00000000e+00  1.19750000e-08  1.67796454e-04 
 1.19850000e-08  0.00000000e+00  1.19850000e-08  1.67553892e-04 
 1.19950000e-08  0.00000000e+00  1.19950000e-08  1.67409224e-04 
 1.20050000e-08  0.00000000e+00  1.20050000e-08  1.67169376e-04 
 1.20150000e-08  0.00000000e+00  1.20150000e-08  1.67023670e-04 
 1.20250000e-08  0.00000000e+00  1.20250000e-08  1.66786576e-04 
 1.20350000e-08  0.00000000e+00  1.20350000e-08  1.66639787e-04 
 1.20450000e-08  0.00000000e+00  1.20450000e-08  1.66405475e-04 
 1.20550000e-08  0.00000000e+00  1.20550000e-08  1.66257568e-04 
 1.20650000e-08  0.00000000e+00  1.20650000e-08  1.66026059e-04 
 1.20750000e-08  0.00000000e+00  1.20750000e-08  1.65877007e-04 
 1.20850000e-08  0.00000000e+00  1.20850000e-08  1.65648313e-04 
 1.20950000e-08  0.00000000e+00  1.20950000e-08  1.65498096e-04 
 1.21050000e-08  0.00000000e+00  1.21050000e-08  1.65272223e-04 
 1.21150000e-08  0.00000000e+00  1.21150000e-08  1.65120828e-04 
 1.21250000e-08  0.00000000e+00  1.21250000e-08  1.64897774e-04 
 1.21350000e-08  0.00000000e+00  1.21350000e-08  1.64745196e-04 
 1.21450000e-08  0.00000000e+00  1.21450000e-08  1.64524955e-04 
 1.21550000e-08  0.00000000e+00  1.21550000e-08  1.64371191e-04 
 1.21650000e-08  0.00000000e+00  1.21650000e-08  1.64153751e-04 
 1.21750000e-08  0.00000000e+00  1.21750000e-08  1.63998806e-04 
 1.21850000e-08  0.00000000e+00  1.21850000e-08  1.63784150e-04 
 1.21950000e-08  0.00000000e+00  1.21950000e-08  1.63628032e-04 
 1.22050000e-08  0.00000000e+00  1.22050000e-08  1.63416140e-04 
 1.22150000e-08  0.00000000e+00  1.22150000e-08  1.63258860e-04 
 1.22250000e-08  0.00000000e+00  1.22250000e-08  1.63049710e-04 
 1.22350000e-08  0.00000000e+00  1.22350000e-08  1.62891283e-04 
 1.22450000e-08  0.00000000e+00  1.22450000e-08  1.62684846e-04 
 1.22550000e-08  0.00000000e+00  1.22550000e-08  1.62525448e-04 
 1.22650000e-08  0.00000000e+00  1.22650000e-08  1.62321723e-04 
 1.22750000e-08  0.00000000e+00  1.22750000e-08  1.62160865e-04 
 1.22850000e-08  0.00000000e+00  1.22850000e-08  1.61959704e-04 
 1.22950000e-08  0.00000000e+00  1.22950000e-08  1.61798111e-04 
 1.23050000e-08  0.00000000e+00  1.23050000e-08  1.61599668e-04 
 1.23150000e-08  0.00000000e+00  1.23150000e-08  1.61436689e-04 
 1.23250000e-08  0.00000000e+00  1.23250000e-08  1.61240745e-04 
 1.23350000e-08  0.00000000e+00  1.23350000e-08  1.61077067e-04 
 1.23450000e-08  0.00000000e+00  1.23450000e-08  1.60883760e-04 
 1.23550000e-08  0.00000000e+00  1.23550000e-08  1.60718749e-04 
 1.23650000e-08  0.00000000e+00  1.23650000e-08  1.60527864e-04 
 1.23750000e-08  0.00000000e+00  1.23750000e-08  1.60362202e-04 
 1.23850000e-08  0.00000000e+00  1.23850000e-08  1.60173876e-04 
 1.23950000e-08  0.00000000e+00  1.23950000e-08  1.60006942e-04 
 1.24050000e-08  0.00000000e+00  1.24050000e-08  1.59820960e-04 
 1.24150000e-08  0.00000000e+00  1.24150000e-08  1.59653431e-04 
 1.24250000e-08  0.00000000e+00  1.24250000e-08  1.59469927e-04 
 1.24350000e-08  0.00000000e+00  1.24350000e-08  1.59301191e-04 
 1.24450000e-08  0.00000000e+00  1.24450000e-08  1.59119952e-04 
 1.24550000e-08  0.00000000e+00  1.24550000e-08  1.58950680e-04 
 1.24650000e-08  0.00000000e+00  1.24650000e-08  1.58771836e-04 
 1.24750000e-08  0.00000000e+00  1.24750000e-08  1.58601423e-04 
 1.24850000e-08  0.00000000e+00  1.24850000e-08  1.58424763e-04 
 1.24950000e-08  0.00000000e+00  1.24950000e-08  1.58253874e-04 
 1.25050000e-08  0.00000000e+00  1.25050000e-08  1.58079527e-04 
 1.25150000e-08  0.00000000e+00  1.25150000e-08  1.57907565e-04 
 1.25250000e-08  0.00000000e+00  1.25250000e-08  1.57735320e-04 
 1.25350000e-08  0.00000000e+00  1.25350000e-08  1.57562944e-04 
 1.25450000e-08  0.00000000e+00  1.25450000e-08  1.57392928e-04 
 1.25550000e-08  0.00000000e+00  1.25550000e-08  1.57219546e-04 
 1.25650000e-08  0.00000000e+00  1.25650000e-08  1.57051551e-04 
 1.25750000e-08  0.00000000e+00  1.25750000e-08  1.56877815e-04 
 1.25850000e-08  0.00000000e+00  1.25850000e-08  1.56711969e-04 
 1.25950000e-08  0.00000000e+00  1.25950000e-08  1.56537293e-04 
 1.26050000e-08  0.00000000e+00  1.26050000e-08  1.56373388e-04 
 1.26150000e-08  0.00000000e+00  1.26150000e-08  1.56198418e-04 
 1.26250000e-08  0.00000000e+00  1.26250000e-08  1.56036580e-04 
 1.26350000e-08  0.00000000e+00  1.26350000e-08  1.55860869e-04 
 1.26450000e-08  0.00000000e+00  1.26450000e-08  1.55700919e-04 
 1.26550000e-08  0.00000000e+00  1.26550000e-08  1.55524665e-04 
 1.26650000e-08  0.00000000e+00  1.26650000e-08  1.55366626e-04 
 1.26750000e-08  0.00000000e+00  1.26750000e-08  1.55189875e-04 
 1.26850000e-08  0.00000000e+00  1.26850000e-08  1.55033711e-04 
 1.26950000e-08  0.00000000e+00  1.26950000e-08  1.54856488e-04 
 1.27050000e-08  0.00000000e+00  1.27050000e-08  1.54702157e-04 
 1.27150000e-08  0.00000000e+00  1.27150000e-08  1.54524487e-04 
 1.27250000e-08  0.00000000e+00  1.27250000e-08  1.54371951e-04 
 1.27350000e-08  0.00000000e+00  1.27350000e-08  1.54193860e-04 
 1.27450000e-08  0.00000000e+00  1.27450000e-08  1.54043081e-04 
 1.27550000e-08  0.00000000e+00  1.27550000e-08  1.53864598e-04 
 1.27650000e-08  0.00000000e+00  1.27650000e-08  1.53715540e-04 
 1.27750000e-08  0.00000000e+00  1.27750000e-08  1.53536692e-04 
 1.27850000e-08  0.00000000e+00  1.27850000e-08  1.53389318e-04 
 1.27950000e-08  0.00000000e+00  1.27950000e-08  1.53210132e-04 
 1.28050000e-08  0.00000000e+00  1.28050000e-08  1.53064409e-04 
 1.28150000e-08  0.00000000e+00  1.28150000e-08  1.52884911e-04 
 1.28250000e-08  0.00000000e+00  1.28250000e-08  1.52740804e-04 
 1.28350000e-08  0.00000000e+00  1.28350000e-08  1.52561020e-04 
 1.28450000e-08  0.00000000e+00  1.28450000e-08  1.52418496e-04 
 1.28550000e-08  0.00000000e+00  1.28550000e-08  1.52238451e-04 
 1.28650000e-08  0.00000000e+00  1.28650000e-08  1.52097476e-04 
 1.28750000e-08  0.00000000e+00  1.28750000e-08  1.51917196e-04 
 1.28850000e-08  0.00000000e+00  1.28850000e-08  1.51777739e-04 
 1.28950000e-08  0.00000000e+00  1.28950000e-08  1.51597247e-04 
 1.29050000e-08  0.00000000e+00  1.29050000e-08  1.51459276e-04 
 1.29150000e-08  0.00000000e+00  1.29150000e-08  1.51278596e-04 
 1.29250000e-08  0.00000000e+00  1.29250000e-08  1.51142080e-04 
 1.29350000e-08  0.00000000e+00  1.29350000e-08  1.50961234e-04 
 1.29450000e-08  0.00000000e+00  1.29450000e-08  1.50826143e-04 
 1.29550000e-08  0.00000000e+00  1.29550000e-08  1.50645155e-04 
 1.29650000e-08  0.00000000e+00  1.29650000e-08  1.50511459e-04 
 1.29750000e-08  0.00000000e+00  1.29750000e-08  1.50330351e-04 
 1.29850000e-08  0.00000000e+00  1.29850000e-08  1.50198020e-04 
 1.29950000e-08  0.00000000e+00  1.29950000e-08  1.50016812e-04 
 1.30050000e-08  0.00000000e+00  1.30050000e-08  1.49885819e-04 
 1.30150000e-08  0.00000000e+00  1.30150000e-08  1.49704533e-04 
 1.30250000e-08  0.00000000e+00  1.30250000e-08  1.49574849e-04 
 1.30350000e-08  0.00000000e+00  1.30350000e-08  1.49393505e-04 
 1.30450000e-08  0.00000000e+00  1.30450000e-08  1.49265104e-04 
 1.30550000e-08  0.00000000e+00  1.30550000e-08  1.49083721e-04 
 1.30650000e-08  0.00000000e+00  1.30650000e-08  1.48956575e-04 
 1.30750000e-08  0.00000000e+00  1.30750000e-08  1.48775173e-04 
 1.30850000e-08  0.00000000e+00  1.30850000e-08  1.48649257e-04 
 1.30950000e-08  0.00000000e+00  1.30950000e-08  1.48467853e-04 
 1.31050000e-08  0.00000000e+00  1.31050000e-08  1.48343142e-04 
 1.31150000e-08  0.00000000e+00  1.31150000e-08  1.48161755e-04 
 1.31250000e-08  0.00000000e+00  1.31250000e-08  1.48038223e-04 
 1.31350000e-08  0.00000000e+00  1.31350000e-08  1.47856871e-04 
 1.31450000e-08  0.00000000e+00  1.31450000e-08  1.47734494e-04 
 1.31550000e-08  0.00000000e+00  1.31550000e-08  1.47553194e-04 
 1.31650000e-08  0.00000000e+00  1.31650000e-08  1.47431949e-04 
 1.31750000e-08  0.00000000e+00  1.31750000e-08  1.47250716e-04 
 1.31850000e-08  0.00000000e+00  1.31850000e-08  1.47130579e-04 
 1.31950000e-08  0.00000000e+00  1.31950000e-08  1.46949431e-04 
 1.32050000e-08  0.00000000e+00  1.32050000e-08  1.46830380e-04 
 1.32150000e-08  0.00000000e+00  1.32150000e-08  1.46649331e-04 
 1.32250000e-08  0.00000000e+00  1.32250000e-08  1.46531344e-04 
 1.32350000e-08  0.00000000e+00  1.32350000e-08  1.46350410e-04 
 1.32450000e-08  0.00000000e+00  1.32450000e-08  1.46233464e-04 
 1.32550000e-08  0.00000000e+00  1.32550000e-08  1.46052659e-04 
 1.32650000e-08  0.00000000e+00  1.32650000e-08  1.45936735e-04 
 1.32750000e-08  0.00000000e+00  1.32750000e-08  1.45756074e-04 
 1.32850000e-08  0.00000000e+00  1.32850000e-08  1.45641149e-04 
 1.32950000e-08  0.00000000e+00  1.32950000e-08  1.45460645e-04 
 1.33050000e-08  0.00000000e+00  1.33050000e-08  1.45346701e-04 
 1.33150000e-08  0.00000000e+00  1.33150000e-08  1.45166368e-04 
 1.33250000e-08  0.00000000e+00  1.33250000e-08  1.45053384e-04 
 1.33350000e-08  0.00000000e+00  1.33350000e-08  1.44873234e-04 
 1.33450000e-08  0.00000000e+00  1.33450000e-08  1.44761192e-04 
 1.33550000e-08  0.00000000e+00  1.33550000e-08  1.44581238e-04 
 1.33650000e-08  0.00000000e+00  1.33650000e-08  1.44470119e-04 
 1.33750000e-08  0.00000000e+00  1.33750000e-08  1.44290373e-04 
 1.33850000e-08  0.00000000e+00  1.33850000e-08  1.44180158e-04 
 1.33950000e-08  0.00000000e+00  1.33950000e-08  1.44000631e-04 
 1.34050000e-08  0.00000000e+00  1.34050000e-08  1.43891303e-04 
 1.34150000e-08  0.00000000e+00  1.34150000e-08  1.43712007e-04 
 1.34250000e-08  0.00000000e+00  1.34250000e-08  1.43603548e-04 
 1.34350000e-08  0.00000000e+00  1.34350000e-08  1.43424494e-04 
 1.34450000e-08  0.00000000e+00  1.34450000e-08  1.43316887e-04 
 1.34550000e-08  0.00000000e+00  1.34550000e-08  1.43138086e-04 
 1.34650000e-08  0.00000000e+00  1.34650000e-08  1.43031315e-04 
 1.34750000e-08  0.00000000e+00  1.34750000e-08  1.42852776e-04 
 1.34850000e-08  0.00000000e+00  1.34850000e-08  1.42746824e-04 
 1.34950000e-08  0.00000000e+00  1.34950000e-08  1.42568558e-04 
 1.35050000e-08  0.00000000e+00  1.35050000e-08  1.42463409e-04 
 1.35150000e-08  0.00000000e+00  1.35150000e-08  1.42285425e-04 
 1.35250000e-08  0.00000000e+00  1.35250000e-08  1.42181065e-04 
 1.35350000e-08  0.00000000e+00  1.35350000e-08  1.42003372e-04 
 1.35450000e-08  0.00000000e+00  1.35450000e-08  1.41899785e-04 
 1.35550000e-08  0.00000000e+00  1.35550000e-08  1.41722392e-04 
 1.35650000e-08  0.00000000e+00  1.35650000e-08  1.41619563e-04 
 1.35750000e-08  0.00000000e+00  1.35750000e-08  1.41442479e-04 
 1.35850000e-08  0.00000000e+00  1.35850000e-08  1.41340394e-04 
 1.35950000e-08  0.00000000e+00  1.35950000e-08  1.41163628e-04 
 1.36050000e-08  0.00000000e+00  1.36050000e-08  1.41062272e-04 
 1.36150000e-08  0.00000000e+00  1.36150000e-08  1.40885831e-04 
 1.36250000e-08  0.00000000e+00  1.36250000e-08  1.40785191e-04 
 1.36350000e-08  0.00000000e+00  1.36350000e-08  1.40609083e-04 
 1.36450000e-08  0.00000000e+00  1.36450000e-08  1.40509146e-04 
 1.36550000e-08  0.00000000e+00  1.36550000e-08  1.40333378e-04 
 1.36650000e-08  0.00000000e+00  1.36650000e-08  1.40234131e-04 
 1.36750000e-08  0.00000000e+00  1.36750000e-08  1.40058710e-04 
 1.36850000e-08  0.00000000e+00  1.36850000e-08  1.39960140e-04 
 1.36950000e-08  0.00000000e+00  1.36950000e-08  1.39785074e-04 
 1.37050000e-08  0.00000000e+00  1.37050000e-08  1.39687168e-04 
 1.37150000e-08  0.00000000e+00  1.37150000e-08  1.39512463e-04 
 1.37250000e-08  0.00000000e+00  1.37250000e-08  1.39415209e-04 
 1.37350000e-08  0.00000000e+00  1.37350000e-08  1.39240872e-04 
 1.37450000e-08  0.00000000e+00  1.37450000e-08  1.39144258e-04 
 1.37550000e-08  0.00000000e+00  1.37550000e-08  1.38970294e-04 
 1.37650000e-08  0.00000000e+00  1.37650000e-08  1.38874309e-04 
 1.37750000e-08  0.00000000e+00  1.37750000e-08  1.38700725e-04 
 1.37850000e-08  0.00000000e+00  1.37850000e-08  1.38605358e-04 
 1.37950000e-08  0.00000000e+00  1.37950000e-08  1.38432159e-04 
 1.38050000e-08  0.00000000e+00  1.38050000e-08  1.38337398e-04 
 1.38150000e-08  0.00000000e+00  1.38150000e-08  1.38164590e-04 
 1.38250000e-08  0.00000000e+00  1.38250000e-08  1.38070424e-04 
 1.38350000e-08  0.00000000e+00  1.38350000e-08  1.37898013e-04 
 1.38450000e-08  0.00000000e+00  1.38450000e-08  1.37804432e-04 
 1.38550000e-08  0.00000000e+00  1.38550000e-08  1.37632421e-04 
 1.38650000e-08  0.00000000e+00  1.38650000e-08  1.37539415e-04 
 1.38750000e-08  0.00000000e+00  1.38750000e-08  1.37367810e-04 
 1.38850000e-08  0.00000000e+00  1.38850000e-08  1.37275368e-04 
 1.38950000e-08  0.00000000e+00  1.38950000e-08  1.37104175e-04 
 1.39050000e-08  0.00000000e+00  1.39050000e-08  1.37012287e-04 
 1.39150000e-08  0.00000000e+00  1.39150000e-08  1.36841509e-04 
 1.39250000e-08  0.00000000e+00  1.39250000e-08  1.36750167e-04 
 1.39350000e-08  0.00000000e+00  1.39350000e-08  1.36579808e-04 
 1.39450000e-08  0.00000000e+00  1.39450000e-08  1.36489001e-04 
 1.39550000e-08  0.00000000e+00  1.39550000e-08  1.36319066e-04 
 1.39650000e-08  0.00000000e+00  1.39650000e-08  1.36228785e-04 
 1.39750000e-08  0.00000000e+00  1.39750000e-08  1.36059278e-04 
 1.39850000e-08  0.00000000e+00  1.39850000e-08  1.35969514e-04 
 1.39950000e-08  0.00000000e+00  1.39950000e-08  1.35800438e-04 
 1.40050000e-08  0.00000000e+00  1.40050000e-08  1.35711184e-04 
 1.40150000e-08  0.00000000e+00  1.40150000e-08  1.35542543e-04 
 1.40250000e-08  0.00000000e+00  1.40250000e-08  1.35453788e-04 
 1.40350000e-08  0.00000000e+00  1.40350000e-08  1.35285585e-04 
 1.40450000e-08  0.00000000e+00  1.40450000e-08  1.35197322e-04 
 1.40550000e-08  0.00000000e+00  1.40550000e-08  1.35029561e-04 
 1.40650000e-08  0.00000000e+00  1.40650000e-08  1.34941781e-04 
 1.40750000e-08  0.00000000e+00  1.40750000e-08  1.34774465e-04 
 1.40850000e-08  0.00000000e+00  1.40850000e-08  1.34687161e-04 
 1.40950000e-08  0.00000000e+00  1.40950000e-08  1.34520293e-04 
 1.41050000e-08  0.00000000e+00  1.41050000e-08  1.34433456e-04 
 1.41150000e-08  0.00000000e+00  1.41150000e-08  1.34267039e-04 
 1.41250000e-08  0.00000000e+00  1.41250000e-08  1.34180661e-04 
 1.41350000e-08  0.00000000e+00  1.41350000e-08  1.34014698e-04 
 1.41450000e-08  0.00000000e+00  1.41450000e-08  1.33928773e-04 
 1.41550000e-08  0.00000000e+00  1.41550000e-08  1.33763265e-04 
 1.41650000e-08  0.00000000e+00  1.41650000e-08  1.33677785e-04 
 1.41750000e-08  0.00000000e+00  1.41750000e-08  1.33512736e-04 
 1.41850000e-08  0.00000000e+00  1.41850000e-08  1.33427694e-04 
 1.41950000e-08  0.00000000e+00  1.41950000e-08  1.33263106e-04 
 1.42050000e-08  0.00000000e+00  1.42050000e-08  1.33178495e-04 
 1.42150000e-08  0.00000000e+00  1.42150000e-08  1.33014369e-04 
 1.42250000e-08  0.00000000e+00  1.42250000e-08  1.32930182e-04 
 1.42350000e-08  0.00000000e+00  1.42350000e-08  1.32766521e-04 
 1.42450000e-08  0.00000000e+00  1.42450000e-08  1.32682752e-04 
 1.42550000e-08  0.00000000e+00  1.42550000e-08  1.32519558e-04 
 1.42650000e-08  0.00000000e+00  1.42650000e-08  1.32436200e-04 
 1.42750000e-08  0.00000000e+00  1.42750000e-08  1.32273475e-04 
 1.42850000e-08  0.00000000e+00  1.42850000e-08  1.32190521e-04 
 1.42950000e-08  0.00000000e+00  1.42950000e-08  1.32028266e-04 
 1.43050000e-08  0.00000000e+00  1.43050000e-08  1.31945710e-04 
 1.43150000e-08  0.00000000e+00  1.43150000e-08  1.31783928e-04 
 1.43250000e-08  0.00000000e+00  1.43250000e-08  1.31701764e-04 
 1.43350000e-08  0.00000000e+00  1.43350000e-08  1.31540456e-04 
 1.43450000e-08  0.00000000e+00  1.43450000e-08  1.31458678e-04 
 1.43550000e-08  0.00000000e+00  1.43550000e-08  1.31297845e-04 
 1.43650000e-08  0.00000000e+00  1.43650000e-08  1.31216447e-04 
 1.43750000e-08  0.00000000e+00  1.43750000e-08  1.31056090e-04 
 1.43850000e-08  0.00000000e+00  1.43850000e-08  1.30975067e-04 
 1.43950000e-08  0.00000000e+00  1.43950000e-08  1.30815187e-04 
 1.44050000e-08  0.00000000e+00  1.44050000e-08  1.30734533e-04 
 1.44150000e-08  0.00000000e+00  1.44150000e-08  1.30575133e-04 
 1.44250000e-08  0.00000000e+00  1.44250000e-08  1.30494842e-04 
 1.44350000e-08  0.00000000e+00  1.44350000e-08  1.30335921e-04 
 1.44450000e-08  0.00000000e+00  1.44450000e-08  1.30255988e-04 
 1.44550000e-08  0.00000000e+00  1.44550000e-08  1.30097548e-04 
 1.44650000e-08  0.00000000e+00  1.44650000e-08  1.30017968e-04 
 1.44750000e-08  0.00000000e+00  1.44750000e-08  1.29860010e-04 
 1.44850000e-08  0.00000000e+00  1.44850000e-08  1.29780778e-04 
 1.44950000e-08  0.00000000e+00  1.44950000e-08  1.29623301e-04 
 1.45050000e-08  0.00000000e+00  1.45050000e-08  1.29544412e-04 
 1.45150000e-08  0.00000000e+00  1.45150000e-08  1.29387419e-04 
 1.45250000e-08  0.00000000e+00  1.45250000e-08  1.29308867e-04 
 1.45350000e-08  0.00000000e+00  1.45350000e-08  1.29152358e-04 
 1.45450000e-08  0.00000000e+00  1.45450000e-08  1.29074139e-04 
 1.45550000e-08  0.00000000e+00  1.45550000e-08  1.28918114e-04 
 1.45650000e-08  0.00000000e+00  1.45650000e-08  1.28840224e-04 
 1.45750000e-08  0.00000000e+00  1.45750000e-08  1.28684683e-04 
 1.45850000e-08  0.00000000e+00  1.45850000e-08  1.28607116e-04 
 1.45950000e-08  0.00000000e+00  1.45950000e-08  1.28452061e-04 
 1.46050000e-08  0.00000000e+00  1.46050000e-08  1.28374813e-04 
 1.46150000e-08  0.00000000e+00  1.46150000e-08  1.28220244e-04 
 1.46250000e-08  0.00000000e+00  1.46250000e-08  1.28143311e-04 
 1.46350000e-08  0.00000000e+00  1.46350000e-08  1.27989227e-04 
 1.46450000e-08  0.00000000e+00  1.46450000e-08  1.27912604e-04 
 1.46550000e-08  0.00000000e+00  1.46550000e-08  1.27759006e-04 
 1.46650000e-08  0.00000000e+00  1.46650000e-08  1.27682690e-04 
 1.46750000e-08  0.00000000e+00  1.46750000e-08  1.27529578e-04 
 1.46850000e-08  0.00000000e+00  1.46850000e-08  1.27453563e-04 
 1.46950000e-08  0.00000000e+00  1.46950000e-08  1.27300938e-04 
 1.47050000e-08  0.00000000e+00  1.47050000e-08  1.27225221e-04 
 1.47150000e-08  0.00000000e+00  1.47150000e-08  1.27073082e-04 
 1.47250000e-08  0.00000000e+00  1.47250000e-08  1.26997660e-04 
 1.47350000e-08  0.00000000e+00  1.47350000e-08  1.26846007e-04 
 1.47450000e-08  0.00000000e+00  1.47450000e-08  1.26770874e-04 
 1.47550000e-08  0.00000000e+00  1.47550000e-08  1.26619708e-04 
 1.47650000e-08  0.00000000e+00  1.47650000e-08  1.26544861e-04 
 1.47750000e-08  0.00000000e+00  1.47750000e-08  1.26394181e-04 
 1.47850000e-08  0.00000000e+00  1.47850000e-08  1.26319617e-04 
 1.47950000e-08  0.00000000e+00  1.47950000e-08  1.26169422e-04 
 1.48050000e-08  0.00000000e+00  1.48050000e-08  1.26095137e-04 
 1.48150000e-08  0.00000000e+00  1.48150000e-08  1.25945428e-04 
 1.48250000e-08  0.00000000e+00  1.48250000e-08  1.25871418e-04 
 1.48350000e-08  0.00000000e+00  1.48350000e-08  1.25722195e-04 
 1.48450000e-08  0.00000000e+00  1.48450000e-08  1.25648457e-04 
 1.48550000e-08  0.00000000e+00  1.48550000e-08  1.25499718e-04 
 1.48650000e-08  0.00000000e+00  1.48650000e-08  1.25426248e-04 
 1.48750000e-08  0.00000000e+00  1.48750000e-08  1.25277995e-04 
 1.48850000e-08  0.00000000e+00  1.48850000e-08  1.25204790e-04 
 1.48950000e-08  0.00000000e+00  1.48950000e-08  1.25057020e-04 
 1.49050000e-08  0.00000000e+00  1.49050000e-08  1.24984077e-04 
 1.49150000e-08  0.00000000e+00  1.49150000e-08  1.24836791e-04 
 1.49250000e-08  0.00000000e+00  1.49250000e-08  1.24764107e-04 
 1.49350000e-08  0.00000000e+00  1.49350000e-08  1.24617304e-04 
 1.49450000e-08  0.00000000e+00  1.49450000e-08  1.24544875e-04 
 1.49550000e-08  0.00000000e+00  1.49550000e-08  1.24398555e-04 
 1.49650000e-08  0.00000000e+00  1.49650000e-08  1.24326378e-04 
 1.49750000e-08  0.00000000e+00  1.49750000e-08  1.24180540e-04 
 1.49850000e-08  0.00000000e+00  1.49850000e-08  1.24108612e-04 
 1.49950000e-08  0.00000000e+00  1.49950000e-08  1.23963256e-04 
 1.50000000e-08  0.00000000e+00  1.50000000e-08  1.23945721e-04 
