 0.00000000e+00  0.00000000e+00  0.00000000e+00  2.28110553e-07 
 1.00000000e-13  3.60000000e-04  1.00000000e-13  3.68798946e-06 
 2.00000000e-13  7.20000000e-04  2.00000000e-13  6.34455124e-06 
 4.00000000e-13  1.44000000e-03  4.00000000e-13  1.20679214e-05 
 8.00000000e-13  2.88000000e-03  8.00000000e-13  2.64363583e-05 
 1.60000000e-12  5.76000000e-03  1.60000000e-12  6.03089470e-05 
 3.20000000e-12  1.15200000e-02  3.20000000e-12  1.24950649e-04 
 6.40000000e-12  2.30400000e-02  6.40000000e-12  2.10381033e-04 
 1.28000000e-11  4.60800000e-02  1.28000000e-11  2.56321333e-04 
 2.28000000e-11  8.20800000e-02  2.28000000e-11  2.08439517e-04 
 3.28000000e-11  1.18080000e-01  3.28000000e-11  1.39386031e-04 
 4.28000000e-11  1.54080000e-01  4.28000000e-11  9.17574623e-05 
 5.28000000e-11  1.90080000e-01  5.28000000e-11  6.42953092e-05 
 6.28000000e-11  2.26080000e-01  6.28000000e-11  4.99712124e-05 
 7.28000000e-11  2.62080000e-01  7.28000000e-11  4.34774126e-05 
 8.28000000e-11  2.98080000e-01  8.28000000e-11  4.16223613e-05 
 9.28000000e-11  3.34080000e-01  9.28000000e-11  4.25775241e-05 
 1.02800000e-10  3.70080000e-01  1.02800000e-10  4.54092524e-05 
 1.12800000e-10  4.06080000e-01  1.12800000e-10  4.94738239e-05 
 1.22800000e-10  4.42080000e-01  1.22800000e-10  5.43272564e-05 
 1.32800000e-10  4.78080000e-01  1.32800000e-10  5.90933221e-05 
 1.42800000e-10  5.14080000e-01  1.42800000e-10  6.21267365e-05 
 1.52800000e-10  5.50080000e-01  1.52800000e-10  5.95782720e-05 
 1.62800000e-10  5.86080000e-01  1.62800000e-10  4.37661666e-05 
 1.72800000e-10  6.22080000e-01  1.72800000e-10  2.42138010e-08 
 1.82800000e-10  6.58080000e-01  1.82800000e-10 -9.67534161e-05 
 1.92800000e-10  6.94080000e-01  1.92800000e-10 -2.80446918e-04 
 2.02800000e-10  7.30080000e-01  2.02800000e-10 -5.95467728e-04 
 2.12800000e-10  7.66080000e-01  2.12800000e-10 -1.04794812e-03 
 2.22800000e-10  8.02080000e-01  2.22800000e-10 -1.72959991e-03 
 2.32800000e-10  8.38080000e-01  2.32800000e-10 -2.73555085e-03 
 2.42800000e-10  8.74080000e-01  2.42800000e-10 -4.22221015e-03 
 2.52800000e-10  9.10080000e-01  2.52800000e-10 -6.55276038e-03 
 2.62800000e-10  9.46080000e-01  2.62800000e-10 -1.00250382e-02 
 2.72800000e-10  9.82080000e-01  2.72800000e-10 -1.50106116e-02 
 2.82800000e-10  1.01808000e+00  2.82800000e-10 -2.11159658e-02 
 2.92800000e-10  1.05408000e+00  2.92800000e-10 -2.24053015e-02 
 3.02800000e-10  1.09008000e+00  3.02800000e-10 -4.61160923e-03 
 3.12800000e-10  1.12608000e+00  3.12800000e-10  5.97524275e-02 
 3.22800000e-10  1.16208000e+00  3.22800000e-10  2.14167507e-01 
 3.32800000e-10  1.19808000e+00  3.32800000e-10  4.92482152e-01 
 3.42800000e-10  1.23408000e+00  3.42800000e-10  9.22789467e-01 
 3.52800000e-10  1.27008000e+00  3.52800000e-10  1.41851090e+00 
 3.62800000e-10  1.30608000e+00  3.62800000e-10  1.67142857e+00 
 3.72800000e-10  1.34208000e+00  3.72800000e-10  1.75393028e+00 
 3.82800000e-10  1.37808000e+00  3.82800000e-10  1.78069072e+00 
 3.92800000e-10  1.41408000e+00  3.92800000e-10  1.79051815e+00 
 4.02800000e-10  1.45008000e+00  4.02800000e-10  1.79435285e+00 
 4.12800000e-10  1.48608000e+00  4.12800000e-10  1.79622489e+00 
 4.22800000e-10  1.52208000e+00  4.22800000e-10  1.79704896e+00 
 4.32800000e-10  1.55808000e+00  4.32800000e-10  1.79769181e+00 
 4.42800000e-10  1.59408000e+00  4.42800000e-10  1.79796394e+00 
 4.52800000e-10  1.63008000e+00  4.52800000e-10  1.79832858e+00 
 4.62800000e-10  1.66608000e+00  4.62800000e-10  1.79843936e+00 
 4.72800000e-10  1.70208000e+00  4.72800000e-10  1.79869945e+00 
 4.82800000e-10  1.73808000e+00  4.82800000e-10  1.79873762e+00 
 4.92800000e-10  1.77408000e+00  4.92800000e-10  1.79894440e+00 
 5.00000000e-10  1.80000000e+00  5.00000000e-10  1.79891766e+00 
 5.01000000e-10  1.80000000e+00  5.01000000e-10  1.79888353e+00 
 5.03000000e-10  1.80000000e+00  5.03000000e-10  1.79877729e+00 
 5.07000000e-10  1.80000000e+00  5.07000000e-10  1.79875715e+00 
 5.15000000e-10  1.80000000e+00  5.15000000e-10  1.79892846e+00 
 5.25000000e-10  1.80000000e+00  5.25000000e-10  1.79911278e+00 
 5.35000000e-10  1.80000000e+00  5.35000000e-10  1.79920471e+00 
 5.45000000e-10  1.80000000e+00  5.45000000e-10  1.79926422e+00 
 5.55000000e-10  1.80000000e+00  5.55000000e-10  1.79931179e+00 
 5.65000000e-10  1.80000000e+00  5.65000000e-10  1.79935230e+00 
 5.75000000e-10  1.80000000e+00  5.75000000e-10  1.79938860e+00 
 5.85000000e-10  1.80000000e+00  5.85000000e-10  1.79942079e+00 
 5.95000000e-10  1.80000000e+00  5.95000000e-10  1.79945031e+00 
 6.05000000e-10  1.80000000e+00  6.05000000e-10  1.79947672e+00 
 6.15000000e-10  1.80000000e+00  6.15000000e-10  1.79950126e+00 
 6.25000000e-10  1.80000000e+00  6.25000000e-10  1.79952329e+00 
 6.35000000e-10  1.80000000e+00  6.35000000e-10  1.79954400e+00 
 6.45000000e-10  1.80000000e+00  6.45000000e-10  1.79956263e+00 
 6.55000000e-10  1.80000000e+00  6.55000000e-10  1.79958034e+00 
 6.65000000e-10  1.80000000e+00  6.65000000e-10  1.79959627e+00 
 6.75000000e-10  1.80000000e+00  6.75000000e-10  1.79961158e+00 
 6.85000000e-10  1.80000000e+00  6.85000000e-10  1.79962534e+00 
 6.95000000e-10  1.80000000e+00  6.95000000e-10  1.79963871e+00 
 7.05000000e-10  1.80000000e+00  7.05000000e-10  1.79965070e+00 
 7.15000000e-10  1.80000000e+00  7.15000000e-10  1.79966248e+00 
 7.25000000e-10  1.80000000e+00  7.25000000e-10  1.79967300e+00 
 7.35000000e-10  1.80000000e+00  7.35000000e-10  1.79968346e+00 
 7.45000000e-10  1.80000000e+00  7.45000000e-10  1.79969275e+00 
 7.55000000e-10  1.80000000e+00  7.55000000e-10  1.79970210e+00 
 7.65000000e-10  1.80000000e+00  7.65000000e-10  1.79971036e+00 
 7.75000000e-10  1.80000000e+00  7.75000000e-10  1.79971877e+00 
 7.85000000e-10  1.80000000e+00  7.85000000e-10  1.79972615e+00 
 7.95000000e-10  1.80000000e+00  7.95000000e-10  1.79973376e+00 
 8.05000000e-10  1.80000000e+00  8.05000000e-10  1.79974038e+00 
 8.15000000e-10  1.80000000e+00  8.15000000e-10  1.79974730e+00 
 8.25000000e-10  1.80000000e+00  8.25000000e-10  1.79975327e+00 
 8.35000000e-10  1.80000000e+00  8.35000000e-10  1.79975960e+00 
 8.45000000e-10  1.80000000e+00  8.45000000e-10  1.79976500e+00 
 8.55000000e-10  1.80000000e+00  8.55000000e-10  1.79977080e+00 
 8.65000000e-10  1.80000000e+00  8.65000000e-10  1.79977571e+00 
 8.75000000e-10  1.80000000e+00  8.75000000e-10  1.79978106e+00 
 8.85000000e-10  1.80000000e+00  8.85000000e-10  1.79978553e+00 
 8.95000000e-10  1.80000000e+00  8.95000000e-10  1.79979048e+00 
 9.05000000e-10  1.80000000e+00  9.05000000e-10  1.79979456e+00 
 9.15000000e-10  1.80000000e+00  9.15000000e-10  1.79979916e+00 
 9.25000000e-10  1.80000000e+00  9.25000000e-10  1.79980290e+00 
 9.35000000e-10  1.80000000e+00  9.35000000e-10  1.79980718e+00 
 9.45000000e-10  1.80000000e+00  9.45000000e-10  1.79981061e+00 
 9.55000000e-10  1.80000000e+00  9.55000000e-10  1.79981461e+00 
 9.65000000e-10  1.80000000e+00  9.65000000e-10  1.79981777e+00 
 9.75000000e-10  1.80000000e+00  9.75000000e-10  1.79982151e+00 
 9.85000000e-10  1.80000000e+00  9.85000000e-10  1.79982442e+00 
 9.95000000e-10  1.80000000e+00  9.95000000e-10  1.79982794e+00 
 1.00500000e-09  1.80000000e+00  1.00500000e-09  1.79983063e+00 
 1.01500000e-09  1.80000000e+00  1.01500000e-09  1.79983395e+00 
 1.02500000e-09  1.80000000e+00  1.02500000e-09  1.79983644e+00 
 1.03500000e-09  1.80000000e+00  1.03500000e-09  1.79983957e+00 
 1.04500000e-09  1.80000000e+00  1.04500000e-09  1.79984187e+00 
 1.05500000e-09  1.80000000e+00  1.05500000e-09  1.79984483e+00 
 1.06500000e-09  1.80000000e+00  1.06500000e-09  1.79984697e+00 
 1.07500000e-09  1.80000000e+00  1.07500000e-09  1.79984978e+00 
 1.08500000e-09  1.80000000e+00  1.08500000e-09  1.79985176e+00 
 1.09500000e-09  1.80000000e+00  1.09500000e-09  1.79985443e+00 
 1.10500000e-09  1.80000000e+00  1.10500000e-09  1.79985628e+00 
 1.11500000e-09  1.80000000e+00  1.11500000e-09  1.79985882e+00 
 1.12500000e-09  1.80000000e+00  1.12500000e-09  1.79986053e+00 
 1.13500000e-09  1.80000000e+00  1.13500000e-09  1.79986296e+00 
 1.14500000e-09  1.80000000e+00  1.14500000e-09  1.79986456e+00 
 1.15500000e-09  1.80000000e+00  1.15500000e-09  1.79986687e+00 
 1.16500000e-09  1.80000000e+00  1.16500000e-09  1.79986836e+00 
 1.17500000e-09  1.80000000e+00  1.17500000e-09  1.79987058e+00 
 1.18500000e-09  1.80000000e+00  1.18500000e-09  1.79987197e+00 
 1.19500000e-09  1.80000000e+00  1.19500000e-09  1.79987409e+00 
 1.20500000e-09  1.80000000e+00  1.20500000e-09  1.79987539e+00 
 1.21500000e-09  1.80000000e+00  1.21500000e-09  1.79987743e+00 
 1.22500000e-09  1.80000000e+00  1.22500000e-09  1.79987864e+00 
 1.23500000e-09  1.80000000e+00  1.23500000e-09  1.79988060e+00 
 1.24500000e-09  1.80000000e+00  1.24500000e-09  1.79988174e+00 
 1.25500000e-09  1.80000000e+00  1.25500000e-09  1.79988362e+00 
 1.26500000e-09  1.80000000e+00  1.26500000e-09  1.79988468e+00 
 1.27500000e-09  1.80000000e+00  1.27500000e-09  1.79988650e+00 
 1.28500000e-09  1.80000000e+00  1.28500000e-09  1.79988749e+00 
 1.29500000e-09  1.80000000e+00  1.29500000e-09  1.79988924e+00 
 1.30500000e-09  1.80000000e+00  1.30500000e-09  1.79989016e+00 
 1.31500000e-09  1.80000000e+00  1.31500000e-09  1.79989186e+00 
 1.32500000e-09  1.80000000e+00  1.32500000e-09  1.79989272e+00 
 1.33500000e-09  1.80000000e+00  1.33500000e-09  1.79989436e+00 
 1.34500000e-09  1.80000000e+00  1.34500000e-09  1.79989517e+00 
 1.35500000e-09  1.80000000e+00  1.35500000e-09  1.79989675e+00 
 1.36500000e-09  1.80000000e+00  1.36500000e-09  1.79989751e+00 
 1.37500000e-09  1.80000000e+00  1.37500000e-09  1.79989905e+00 
 1.38500000e-09  1.80000000e+00  1.38500000e-09  1.79989975e+00 
 1.39500000e-09  1.80000000e+00  1.39500000e-09  1.79990124e+00 
 1.40500000e-09  1.80000000e+00  1.40500000e-09  1.79990191e+00 
 1.41500000e-09  1.80000000e+00  1.41500000e-09  1.79990335e+00 
 1.42500000e-09  1.80000000e+00  1.42500000e-09  1.79990397e+00 
 1.43500000e-09  1.80000000e+00  1.43500000e-09  1.79990537e+00 
 1.44500000e-09  1.80000000e+00  1.44500000e-09  1.79990595e+00 
 1.45500000e-09  1.80000000e+00  1.45500000e-09  1.79990732e+00 
 1.46500000e-09  1.80000000e+00  1.46500000e-09  1.79990786e+00 
 1.47500000e-09  1.80000000e+00  1.47500000e-09  1.79990918e+00 
 1.48500000e-09  1.80000000e+00  1.48500000e-09  1.79990969e+00 
 1.49500000e-09  1.80000000e+00  1.49500000e-09  1.79991098e+00 
 1.50500000e-09  1.80000000e+00  1.50500000e-09  1.79991145e+00 
 1.51500000e-09  1.80000000e+00  1.51500000e-09  1.79991271e+00 
 1.52500000e-09  1.80000000e+00  1.52500000e-09  1.79991315e+00 
 1.53500000e-09  1.80000000e+00  1.53500000e-09  1.79991438e+00 
 1.54500000e-09  1.80000000e+00  1.54500000e-09  1.79991478e+00 
 1.55500000e-09  1.80000000e+00  1.55500000e-09  1.79991598e+00 
 1.56500000e-09  1.80000000e+00  1.56500000e-09  1.79991636e+00 
 1.57500000e-09  1.80000000e+00  1.57500000e-09  1.79991753e+00 
 1.58500000e-09  1.80000000e+00  1.58500000e-09  1.79991788e+00 
 1.59500000e-09  1.80000000e+00  1.59500000e-09  1.79991903e+00 
 1.60500000e-09  1.80000000e+00  1.60500000e-09  1.79991935e+00 
 1.61500000e-09  1.80000000e+00  1.61500000e-09  1.79992047e+00 
 1.62500000e-09  1.80000000e+00  1.62500000e-09  1.79992078e+00 
 1.63500000e-09  1.80000000e+00  1.63500000e-09  1.79992187e+00 
 1.64500000e-09  1.80000000e+00  1.64500000e-09  1.79992215e+00 
 1.65500000e-09  1.80000000e+00  1.65500000e-09  1.79992322e+00 
 1.66500000e-09  1.80000000e+00  1.66500000e-09  1.79992348e+00 
 1.67500000e-09  1.80000000e+00  1.67500000e-09  1.79992452e+00 
 1.68500000e-09  1.80000000e+00  1.68500000e-09  1.79992476e+00 
 1.69500000e-09  1.80000000e+00  1.69500000e-09  1.79992579e+00 
 1.70500000e-09  1.80000000e+00  1.70500000e-09  1.79992600e+00 
 1.71500000e-09  1.80000000e+00  1.71500000e-09  1.79992701e+00 
 1.72500000e-09  1.80000000e+00  1.72500000e-09  1.79992721e+00 
 1.73500000e-09  1.80000000e+00  1.73500000e-09  1.79992820e+00 
 1.74500000e-09  1.80000000e+00  1.74500000e-09  1.79992838e+00 
 1.75500000e-09  1.80000000e+00  1.75500000e-09  1.79992934e+00 
 1.76500000e-09  1.80000000e+00  1.76500000e-09  1.79992951e+00 
 1.77500000e-09  1.80000000e+00  1.77500000e-09  1.79993046e+00 
 1.78500000e-09  1.80000000e+00  1.78500000e-09  1.79993061e+00 
 1.79500000e-09  1.80000000e+00  1.79500000e-09  1.79993154e+00 
 1.80500000e-09  1.80000000e+00  1.80500000e-09  1.79993167e+00 
 1.81500000e-09  1.80000000e+00  1.81500000e-09  1.79993259e+00 
 1.82500000e-09  1.80000000e+00  1.82500000e-09  1.79993271e+00 
 1.83500000e-09  1.80000000e+00  1.83500000e-09  1.79993361e+00 
 1.84500000e-09  1.80000000e+00  1.84500000e-09  1.79993371e+00 
 1.85500000e-09  1.80000000e+00  1.85500000e-09  1.79993460e+00 
 1.86500000e-09  1.80000000e+00  1.86500000e-09  1.79993469e+00 
 1.87500000e-09  1.80000000e+00  1.87500000e-09  1.79993556e+00 
 1.88500000e-09  1.80000000e+00  1.88500000e-09  1.79993564e+00 
 1.89500000e-09  1.80000000e+00  1.89500000e-09  1.79993649e+00 
 1.90500000e-09  1.80000000e+00  1.90500000e-09  1.79993656e+00 
 1.91500000e-09  1.80000000e+00  1.91500000e-09  1.79993740e+00 
 1.92500000e-09  1.80000000e+00  1.92500000e-09  1.79993746e+00 
 1.93500000e-09  1.80000000e+00  1.93500000e-09  1.79993828e+00 
 1.94500000e-09  1.80000000e+00  1.94500000e-09  1.79993833e+00 
 1.95500000e-09  1.80000000e+00  1.95500000e-09  1.79993914e+00 
 1.96500000e-09  1.80000000e+00  1.96500000e-09  1.79993918e+00 
 1.97500000e-09  1.80000000e+00  1.97500000e-09  1.79993998e+00 
 1.98500000e-09  1.80000000e+00  1.98500000e-09  1.79994001e+00 
 1.99500000e-09  1.80000000e+00  1.99500000e-09  1.79994080e+00 
 2.00500000e-09  1.80000000e+00  2.00500000e-09  1.79994081e+00 
 2.01500000e-09  1.80000000e+00  2.01500000e-09  1.79994159e+00 
 2.02500000e-09  1.80000000e+00  2.02500000e-09  1.79994160e+00 
 2.03500000e-09  1.80000000e+00  2.03500000e-09  1.79994236e+00 
 2.04500000e-09  1.80000000e+00  2.04500000e-09  1.79994236e+00 
 2.05500000e-09  1.80000000e+00  2.05500000e-09  1.79994312e+00 
 2.06500000e-09  1.80000000e+00  2.06500000e-09  1.79994311e+00 
 2.07500000e-09  1.80000000e+00  2.07500000e-09  1.79994385e+00 
 2.08500000e-09  1.80000000e+00  2.08500000e-09  1.79994384e+00 
 2.09500000e-09  1.80000000e+00  2.09500000e-09  1.79994457e+00 
 2.10500000e-09  1.80000000e+00  2.10500000e-09  1.79994455e+00 
 2.11500000e-09  1.80000000e+00  2.11500000e-09  1.79994527e+00 
 2.12500000e-09  1.80000000e+00  2.12500000e-09  1.79994524e+00 
 2.13500000e-09  1.80000000e+00  2.13500000e-09  1.79994595e+00 
 2.14500000e-09  1.80000000e+00  2.14500000e-09  1.79994592e+00 
 2.15500000e-09  1.80000000e+00  2.15500000e-09  1.79994662e+00 
 2.16500000e-09  1.80000000e+00  2.16500000e-09  1.79994658e+00 
 2.17500000e-09  1.80000000e+00  2.17500000e-09  1.79994727e+00 
 2.18500000e-09  1.80000000e+00  2.18500000e-09  1.79994722e+00 
 2.19500000e-09  1.80000000e+00  2.19500000e-09  1.79994791e+00 
 2.20500000e-09  1.80000000e+00  2.20500000e-09  1.79994785e+00 
 2.21500000e-09  1.80000000e+00  2.21500000e-09  1.79994853e+00 
 2.22500000e-09  1.80000000e+00  2.22500000e-09  1.79994847e+00 
 2.23500000e-09  1.80000000e+00  2.23500000e-09  1.79994914e+00 
 2.24500000e-09  1.80000000e+00  2.24500000e-09  1.79994907e+00 
 2.25500000e-09  1.80000000e+00  2.25500000e-09  1.79994973e+00 
 2.26500000e-09  1.80000000e+00  2.26500000e-09  1.79994966e+00 
 2.27500000e-09  1.80000000e+00  2.27500000e-09  1.79995031e+00 
 2.28500000e-09  1.80000000e+00  2.28500000e-09  1.79995024e+00 
 2.29500000e-09  1.80000000e+00  2.29500000e-09  1.79995088e+00 
 2.30500000e-09  1.80000000e+00  2.30500000e-09  1.79995080e+00 
 2.31500000e-09  1.80000000e+00  2.31500000e-09  1.79995143e+00 
 2.32500000e-09  1.80000000e+00  2.32500000e-09  1.79995135e+00 
 2.33500000e-09  1.80000000e+00  2.33500000e-09  1.79995198e+00 
 2.34500000e-09  1.80000000e+00  2.34500000e-09  1.79995189e+00 
 2.35500000e-09  1.80000000e+00  2.35500000e-09  1.79995251e+00 
 2.36500000e-09  1.80000000e+00  2.36500000e-09  1.79995242e+00 
 2.37500000e-09  1.80000000e+00  2.37500000e-09  1.79995303e+00 
 2.38500000e-09  1.80000000e+00  2.38500000e-09  1.79995293e+00 
 2.39500000e-09  1.80000000e+00  2.39500000e-09  1.79995354e+00 
 2.40500000e-09  1.80000000e+00  2.40500000e-09  1.79995344e+00 
 2.41500000e-09  1.80000000e+00  2.41500000e-09  1.79995404e+00 
 2.42500000e-09  1.80000000e+00  2.42500000e-09  1.79995393e+00 
 2.43500000e-09  1.80000000e+00  2.43500000e-09  1.79995452e+00 
 2.44500000e-09  1.80000000e+00  2.44500000e-09  1.79995442e+00 
 2.45500000e-09  1.80000000e+00  2.45500000e-09  1.79995500e+00 
 2.46500000e-09  1.80000000e+00  2.46500000e-09  1.79995489e+00 
 2.47500000e-09  1.80000000e+00  2.47500000e-09  1.79995547e+00 
 2.48500000e-09  1.80000000e+00  2.48500000e-09  1.79995536e+00 
 2.49500000e-09  1.80000000e+00  2.49500000e-09  1.79995593e+00 
 2.50500000e-09  1.80000000e+00  2.50500000e-09  1.79995582e+00 
 2.51500000e-09  1.80000000e+00  2.51500000e-09  1.79995638e+00 
 2.52500000e-09  1.80000000e+00  2.52500000e-09  1.79995627e+00 
 2.53500000e-09  1.80000000e+00  2.53500000e-09  1.79995682e+00 
 2.54500000e-09  1.80000000e+00  2.54500000e-09  1.79995670e+00 
 2.55500000e-09  1.80000000e+00  2.55500000e-09  1.79995726e+00 
 2.56500000e-09  1.80000000e+00  2.56500000e-09  1.79995713e+00 
 2.57500000e-09  1.80000000e+00  2.57500000e-09  1.79995768e+00 
 2.58500000e-09  1.80000000e+00  2.58500000e-09  1.79995756e+00 
 2.59500000e-09  1.80000000e+00  2.59500000e-09  1.79995810e+00 
 2.60500000e-09  1.80000000e+00  2.60500000e-09  1.79995797e+00 
 2.61500000e-09  1.80000000e+00  2.61500000e-09  1.79995851e+00 
 2.62500000e-09  1.80000000e+00  2.62500000e-09  1.79995838e+00 
 2.63500000e-09  1.80000000e+00  2.63500000e-09  1.79995891e+00 
 2.64500000e-09  1.80000000e+00  2.64500000e-09  1.79995878e+00 
 2.65500000e-09  1.80000000e+00  2.65500000e-09  1.79995930e+00 
 2.66500000e-09  1.80000000e+00  2.66500000e-09  1.79995917e+00 
 2.67500000e-09  1.80000000e+00  2.67500000e-09  1.79995969e+00 
 2.68500000e-09  1.80000000e+00  2.68500000e-09  1.79995955e+00 
 2.69500000e-09  1.80000000e+00  2.69500000e-09  1.79996007e+00 
 2.70500000e-09  1.80000000e+00  2.70500000e-09  1.79995993e+00 
 2.71500000e-09  1.80000000e+00  2.71500000e-09  1.79996044e+00 
 2.72500000e-09  1.80000000e+00  2.72500000e-09  1.79996030e+00 
 2.73500000e-09  1.80000000e+00  2.73500000e-09  1.79996080e+00 
 2.74500000e-09  1.80000000e+00  2.74500000e-09  1.79996067e+00 
 2.75500000e-09  1.80000000e+00  2.75500000e-09  1.79996116e+00 
 2.76500000e-09  1.80000000e+00  2.76500000e-09  1.79996103e+00 
 2.77500000e-09  1.80000000e+00  2.77500000e-09  1.79996152e+00 
 2.78500000e-09  1.80000000e+00  2.78500000e-09  1.79996138e+00 
 2.79500000e-09  1.80000000e+00  2.79500000e-09  1.79996186e+00 
 2.80500000e-09  1.80000000e+00  2.80500000e-09  1.79996172e+00 
 2.81500000e-09  1.80000000e+00  2.81500000e-09  1.79996220e+00 
 2.82500000e-09  1.80000000e+00  2.82500000e-09  1.79996206e+00 
 2.83500000e-09  1.80000000e+00  2.83500000e-09  1.79996254e+00 
 2.84500000e-09  1.80000000e+00  2.84500000e-09  1.79996240e+00 
 2.85500000e-09  1.80000000e+00  2.85500000e-09  1.79996287e+00 
 2.86500000e-09  1.80000000e+00  2.86500000e-09  1.79996272e+00 
 2.87500000e-09  1.80000000e+00  2.87500000e-09  1.79996319e+00 
 2.88500000e-09  1.80000000e+00  2.88500000e-09  1.79996305e+00 
 2.89500000e-09  1.80000000e+00  2.89500000e-09  1.79996351e+00 
 2.90500000e-09  1.80000000e+00  2.90500000e-09  1.79996337e+00 
 2.91500000e-09  1.80000000e+00  2.91500000e-09  1.79996382e+00 
 2.92500000e-09  1.80000000e+00  2.92500000e-09  1.79996368e+00 
 2.93500000e-09  1.80000000e+00  2.93500000e-09  1.79996413e+00 
 2.94500000e-09  1.80000000e+00  2.94500000e-09  1.79996398e+00 
 2.95500000e-09  1.80000000e+00  2.95500000e-09  1.79996443e+00 
 2.96500000e-09  1.80000000e+00  2.96500000e-09  1.79996429e+00 
 2.97500000e-09  1.80000000e+00  2.97500000e-09  1.79996473e+00 
 2.98500000e-09  1.80000000e+00  2.98500000e-09  1.79996458e+00 
 2.99500000e-09  1.80000000e+00  2.99500000e-09  1.79996503e+00 
 3.00500000e-09  1.80000000e+00  3.00500000e-09  1.79996488e+00 
 3.01500000e-09  1.80000000e+00  3.01500000e-09  1.79996531e+00 
 3.02500000e-09  1.80000000e+00  3.02500000e-09  1.79996516e+00 
 3.03500000e-09  1.80000000e+00  3.03500000e-09  1.79996560e+00 
 3.04500000e-09  1.80000000e+00  3.04500000e-09  1.79996545e+00 
 3.05500000e-09  1.80000000e+00  3.05500000e-09  1.79996588e+00 
 3.06500000e-09  1.80000000e+00  3.06500000e-09  1.79996573e+00 
 3.07500000e-09  1.80000000e+00  3.07500000e-09  1.79996615e+00 
 3.08500000e-09  1.80000000e+00  3.08500000e-09  1.79996600e+00 
 3.09500000e-09  1.80000000e+00  3.09500000e-09  1.79996642e+00 
 3.10500000e-09  1.80000000e+00  3.10500000e-09  1.79996627e+00 
 3.11500000e-09  1.80000000e+00  3.11500000e-09  1.79996669e+00 
 3.12500000e-09  1.80000000e+00  3.12500000e-09  1.79996654e+00 
 3.13500000e-09  1.80000000e+00  3.13500000e-09  1.79996695e+00 
 3.14500000e-09  1.80000000e+00  3.14500000e-09  1.79996680e+00 
 3.15500000e-09  1.80000000e+00  3.15500000e-09  1.79996721e+00 
 3.16500000e-09  1.80000000e+00  3.16500000e-09  1.79996706e+00 
 3.17500000e-09  1.80000000e+00  3.17500000e-09  1.79996746e+00 
 3.18500000e-09  1.80000000e+00  3.18500000e-09  1.79996731e+00 
 3.19500000e-09  1.80000000e+00  3.19500000e-09  1.79996772e+00 
 3.20500000e-09  1.80000000e+00  3.20500000e-09  1.79996756e+00 
 3.21500000e-09  1.80000000e+00  3.21500000e-09  1.79996796e+00 
 3.22500000e-09  1.80000000e+00  3.22500000e-09  1.79996781e+00 
 3.23500000e-09  1.80000000e+00  3.23500000e-09  1.79996821e+00 
 3.24500000e-09  1.80000000e+00  3.24500000e-09  1.79996805e+00 
 3.25500000e-09  1.80000000e+00  3.25500000e-09  1.79996845e+00 
 3.26500000e-09  1.80000000e+00  3.26500000e-09  1.79996829e+00 
 3.27500000e-09  1.80000000e+00  3.27500000e-09  1.79996868e+00 
 3.28500000e-09  1.80000000e+00  3.28500000e-09  1.79996853e+00 
 3.29500000e-09  1.80000000e+00  3.29500000e-09  1.79996891e+00 
 3.30500000e-09  1.80000000e+00  3.30500000e-09  1.79996876e+00 
 3.31500000e-09  1.80000000e+00  3.31500000e-09  1.79996914e+00 
 3.32500000e-09  1.80000000e+00  3.32500000e-09  1.79996899e+00 
 3.33500000e-09  1.80000000e+00  3.33500000e-09  1.79996937e+00 
 3.34500000e-09  1.80000000e+00  3.34500000e-09  1.79996922e+00 
 3.35500000e-09  1.80000000e+00  3.35500000e-09  1.79996959e+00 
 3.36500000e-09  1.80000000e+00  3.36500000e-09  1.79996944e+00 
 3.37500000e-09  1.80000000e+00  3.37500000e-09  1.79996981e+00 
 3.38500000e-09  1.80000000e+00  3.38500000e-09  1.79996966e+00 
 3.39500000e-09  1.80000000e+00  3.39500000e-09  1.79997003e+00 
 3.40500000e-09  1.80000000e+00  3.40500000e-09  1.79996988e+00 
 3.41500000e-09  1.80000000e+00  3.41500000e-09  1.79997024e+00 
 3.42500000e-09  1.80000000e+00  3.42500000e-09  1.79997009e+00 
 3.43500000e-09  1.80000000e+00  3.43500000e-09  1.79997045e+00 
 3.44500000e-09  1.80000000e+00  3.44500000e-09  1.79997030e+00 
 3.45500000e-09  1.80000000e+00  3.45500000e-09  1.79997066e+00 
 3.46500000e-09  1.80000000e+00  3.46500000e-09  1.79997051e+00 
 3.47500000e-09  1.80000000e+00  3.47500000e-09  1.79997087e+00 
 3.48500000e-09  1.80000000e+00  3.48500000e-09  1.79997072e+00 
 3.49500000e-09  1.80000000e+00  3.49500000e-09  1.79997107e+00 
 3.50500000e-09  1.80000000e+00  3.50500000e-09  1.79997092e+00 
 3.51500000e-09  1.80000000e+00  3.51500000e-09  1.79997127e+00 
 3.52500000e-09  1.80000000e+00  3.52500000e-09  1.79997112e+00 
 3.53500000e-09  1.80000000e+00  3.53500000e-09  1.79997147e+00 
 3.54500000e-09  1.80000000e+00  3.54500000e-09  1.79997132e+00 
 3.55500000e-09  1.80000000e+00  3.55500000e-09  1.79997166e+00 
 3.56500000e-09  1.80000000e+00  3.56500000e-09  1.79997151e+00 
 3.57500000e-09  1.80000000e+00  3.57500000e-09  1.79997185e+00 
 3.58500000e-09  1.80000000e+00  3.58500000e-09  1.79997170e+00 
 3.59500000e-09  1.80000000e+00  3.59500000e-09  1.79997204e+00 
 3.60500000e-09  1.80000000e+00  3.60500000e-09  1.79997189e+00 
 3.61500000e-09  1.80000000e+00  3.61500000e-09  1.79997223e+00 
 3.62500000e-09  1.80000000e+00  3.62500000e-09  1.79997208e+00 
 3.63500000e-09  1.80000000e+00  3.63500000e-09  1.79997241e+00 
 3.64500000e-09  1.80000000e+00  3.64500000e-09  1.79997226e+00 
 3.65500000e-09  1.80000000e+00  3.65500000e-09  1.79997260e+00 
 3.66500000e-09  1.80000000e+00  3.66500000e-09  1.79997245e+00 
 3.67500000e-09  1.80000000e+00  3.67500000e-09  1.79997278e+00 
 3.68500000e-09  1.80000000e+00  3.68500000e-09  1.79997263e+00 
 3.69500000e-09  1.80000000e+00  3.69500000e-09  1.79997295e+00 
 3.70500000e-09  1.80000000e+00  3.70500000e-09  1.79997281e+00 
 3.71500000e-09  1.80000000e+00  3.71500000e-09  1.79997313e+00 
 3.72500000e-09  1.80000000e+00  3.72500000e-09  1.79997298e+00 
 3.73500000e-09  1.80000000e+00  3.73500000e-09  1.79997330e+00 
 3.74500000e-09  1.80000000e+00  3.74500000e-09  1.79997315e+00 
 3.75500000e-09  1.80000000e+00  3.75500000e-09  1.79997347e+00 
 3.76500000e-09  1.80000000e+00  3.76500000e-09  1.79997333e+00 
 3.77500000e-09  1.80000000e+00  3.77500000e-09  1.79997364e+00 
 3.78500000e-09  1.80000000e+00  3.78500000e-09  1.79997349e+00 
 3.79500000e-09  1.80000000e+00  3.79500000e-09  1.79997381e+00 
 3.80500000e-09  1.80000000e+00  3.80500000e-09  1.79997366e+00 
 3.81500000e-09  1.80000000e+00  3.81500000e-09  1.79997397e+00 
 3.82500000e-09  1.80000000e+00  3.82500000e-09  1.79997383e+00 
 3.83500000e-09  1.80000000e+00  3.83500000e-09  1.79997414e+00 
 3.84500000e-09  1.80000000e+00  3.84500000e-09  1.79997399e+00 
 3.85500000e-09  1.80000000e+00  3.85500000e-09  1.79997430e+00 
 3.86500000e-09  1.80000000e+00  3.86500000e-09  1.79997415e+00 
 3.87500000e-09  1.80000000e+00  3.87500000e-09  1.79997446e+00 
 3.88500000e-09  1.80000000e+00  3.88500000e-09  1.79997431e+00 
 3.89500000e-09  1.80000000e+00  3.89500000e-09  1.79997461e+00 
 3.90500000e-09  1.80000000e+00  3.90500000e-09  1.79997447e+00 
 3.91500000e-09  1.80000000e+00  3.91500000e-09  1.79997477e+00 
 3.92500000e-09  1.80000000e+00  3.92500000e-09  1.79997462e+00 
 3.93500000e-09  1.80000000e+00  3.93500000e-09  1.79997492e+00 
 3.94500000e-09  1.80000000e+00  3.94500000e-09  1.79997478e+00 
 3.95500000e-09  1.80000000e+00  3.95500000e-09  1.79997507e+00 
 3.96500000e-09  1.80000000e+00  3.96500000e-09  1.79997493e+00 
 3.97500000e-09  1.80000000e+00  3.97500000e-09  1.79997522e+00 
 3.98500000e-09  1.80000000e+00  3.98500000e-09  1.79997508e+00 
 3.99500000e-09  1.80000000e+00  3.99500000e-09  1.79997537e+00 
 4.00500000e-09  1.80000000e+00  4.00500000e-09  1.79997523e+00 
 4.01500000e-09  1.80000000e+00  4.01500000e-09  1.79997552e+00 
 4.02500000e-09  1.80000000e+00  4.02500000e-09  1.79997537e+00 
 4.03500000e-09  1.80000000e+00  4.03500000e-09  1.79997566e+00 
 4.04500000e-09  1.80000000e+00  4.04500000e-09  1.79997552e+00 
 4.05500000e-09  1.80000000e+00  4.05500000e-09  1.79997580e+00 
 4.06500000e-09  1.80000000e+00  4.06500000e-09  1.79997566e+00 
 4.07500000e-09  1.80000000e+00  4.07500000e-09  1.79997594e+00 
 4.08500000e-09  1.80000000e+00  4.08500000e-09  1.79997580e+00 
 4.09500000e-09  1.80000000e+00  4.09500000e-09  1.79997608e+00 
 4.10500000e-09  1.80000000e+00  4.10500000e-09  1.79997594e+00 
 4.11500000e-09  1.80000000e+00  4.11500000e-09  1.79997622e+00 
 4.12500000e-09  1.80000000e+00  4.12500000e-09  1.79997608e+00 
 4.13500000e-09  1.80000000e+00  4.13500000e-09  1.79997636e+00 
 4.14500000e-09  1.80000000e+00  4.14500000e-09  1.79997622e+00 
 4.15500000e-09  1.80000000e+00  4.15500000e-09  1.79997649e+00 
 4.16500000e-09  1.80000000e+00  4.16500000e-09  1.79997636e+00 
 4.17500000e-09  1.80000000e+00  4.17500000e-09  1.79997663e+00 
 4.18500000e-09  1.80000000e+00  4.18500000e-09  1.79997649e+00 
 4.19500000e-09  1.80000000e+00  4.19500000e-09  1.79997676e+00 
 4.20500000e-09  1.80000000e+00  4.20500000e-09  1.79997662e+00 
 4.21500000e-09  1.80000000e+00  4.21500000e-09  1.79997689e+00 
 4.22500000e-09  1.80000000e+00  4.22500000e-09  1.79997675e+00 
 4.23500000e-09  1.80000000e+00  4.23500000e-09  1.79997702e+00 
 4.24500000e-09  1.80000000e+00  4.24500000e-09  1.79997688e+00 
 4.25500000e-09  1.80000000e+00  4.25500000e-09  1.79997715e+00 
 4.26500000e-09  1.80000000e+00  4.26500000e-09  1.79997701e+00 
 4.27500000e-09  1.80000000e+00  4.27500000e-09  1.79997727e+00 
 4.28500000e-09  1.80000000e+00  4.28500000e-09  1.79997714e+00 
 4.29500000e-09  1.80000000e+00  4.29500000e-09  1.79997740e+00 
 4.30500000e-09  1.80000000e+00  4.30500000e-09  1.79997726e+00 
 4.31500000e-09  1.80000000e+00  4.31500000e-09  1.79997752e+00 
 4.32500000e-09  1.80000000e+00  4.32500000e-09  1.79997739e+00 
 4.33500000e-09  1.80000000e+00  4.33500000e-09  1.79997764e+00 
 4.34500000e-09  1.80000000e+00  4.34500000e-09  1.79997751e+00 
 4.35500000e-09  1.80000000e+00  4.35500000e-09  1.79997776e+00 
 4.36500000e-09  1.80000000e+00  4.36500000e-09  1.79997763e+00 
 4.37500000e-09  1.80000000e+00  4.37500000e-09  1.79997788e+00 
 4.38500000e-09  1.80000000e+00  4.38500000e-09  1.79997775e+00 
 4.39500000e-09  1.80000000e+00  4.39500000e-09  1.79997800e+00 
 4.40500000e-09  1.80000000e+00  4.40500000e-09  1.79997787e+00 
 4.41500000e-09  1.80000000e+00  4.41500000e-09  1.79997812e+00 
 4.42500000e-09  1.80000000e+00  4.42500000e-09  1.79997799e+00 
 4.43500000e-09  1.80000000e+00  4.43500000e-09  1.79997824e+00 
 4.44500000e-09  1.80000000e+00  4.44500000e-09  1.79997811e+00 
 4.45500000e-09  1.80000000e+00  4.45500000e-09  1.79997835e+00 
 4.46500000e-09  1.80000000e+00  4.46500000e-09  1.79997822e+00 
 4.47500000e-09  1.80000000e+00  4.47500000e-09  1.79997847e+00 
 4.48500000e-09  1.80000000e+00  4.48500000e-09  1.79997834e+00 
 4.49500000e-09  1.80000000e+00  4.49500000e-09  1.79997858e+00 
 4.50500000e-09  1.80000000e+00  4.50500000e-09  1.79997845e+00 
 4.51500000e-09  1.80000000e+00  4.51500000e-09  1.79997869e+00 
 4.52500000e-09  1.80000000e+00  4.52500000e-09  1.79997856e+00 
 4.53500000e-09  1.80000000e+00  4.53500000e-09  1.79997880e+00 
 4.54500000e-09  1.80000000e+00  4.54500000e-09  1.79997867e+00 
 4.55500000e-09  1.80000000e+00  4.55500000e-09  1.79997891e+00 
 4.56500000e-09  1.80000000e+00  4.56500000e-09  1.79997878e+00 
 4.57500000e-09  1.80000000e+00  4.57500000e-09  1.79997902e+00 
 4.58500000e-09  1.80000000e+00  4.58500000e-09  1.79997889e+00 
 4.59500000e-09  1.80000000e+00  4.59500000e-09  1.79997912e+00 
 4.60500000e-09  1.80000000e+00  4.60500000e-09  1.79997900e+00 
 4.61500000e-09  1.80000000e+00  4.61500000e-09  1.79997923e+00 
 4.62500000e-09  1.80000000e+00  4.62500000e-09  1.79997910e+00 
 4.63500000e-09  1.80000000e+00  4.63500000e-09  1.79997933e+00 
 4.64500000e-09  1.80000000e+00  4.64500000e-09  1.79997921e+00 
 4.65500000e-09  1.80000000e+00  4.65500000e-09  1.79997944e+00 
 4.66500000e-09  1.80000000e+00  4.66500000e-09  1.79997931e+00 
 4.67500000e-09  1.80000000e+00  4.67500000e-09  1.79997954e+00 
 4.68500000e-09  1.80000000e+00  4.68500000e-09  1.79997942e+00 
 4.69500000e-09  1.80000000e+00  4.69500000e-09  1.79997964e+00 
 4.70500000e-09  1.80000000e+00  4.70500000e-09  1.79997952e+00 
 4.71500000e-09  1.80000000e+00  4.71500000e-09  1.79997974e+00 
 4.72500000e-09  1.80000000e+00  4.72500000e-09  1.79997962e+00 
 4.73500000e-09  1.80000000e+00  4.73500000e-09  1.79997984e+00 
 4.74500000e-09  1.80000000e+00  4.74500000e-09  1.79997972e+00 
 4.75500000e-09  1.80000000e+00  4.75500000e-09  1.79997994e+00 
 4.76500000e-09  1.80000000e+00  4.76500000e-09  1.79997982e+00 
 4.77500000e-09  1.80000000e+00  4.77500000e-09  1.79998004e+00 
 4.78500000e-09  1.80000000e+00  4.78500000e-09  1.79997992e+00 
 4.79500000e-09  1.80000000e+00  4.79500000e-09  1.79998014e+00 
 4.80500000e-09  1.80000000e+00  4.80500000e-09  1.79998002e+00 
 4.81500000e-09  1.80000000e+00  4.81500000e-09  1.79998023e+00 
 4.82500000e-09  1.80000000e+00  4.82500000e-09  1.79998011e+00 
 4.83500000e-09  1.80000000e+00  4.83500000e-09  1.79998033e+00 
 4.84500000e-09  1.80000000e+00  4.84500000e-09  1.79998021e+00 
 4.85500000e-09  1.80000000e+00  4.85500000e-09  1.79998042e+00 
 4.86500000e-09  1.80000000e+00  4.86500000e-09  1.79998031e+00 
 4.87500000e-09  1.80000000e+00  4.87500000e-09  1.79998052e+00 
 4.88500000e-09  1.80000000e+00  4.88500000e-09  1.79998040e+00 
 4.89500000e-09  1.80000000e+00  4.89500000e-09  1.79998061e+00 
 4.90500000e-09  1.80000000e+00  4.90500000e-09  1.79998049e+00 
 4.91500000e-09  1.80000000e+00  4.91500000e-09  1.79998070e+00 
 4.92500000e-09  1.80000000e+00  4.92500000e-09  1.79998059e+00 
 4.93500000e-09  1.80000000e+00  4.93500000e-09  1.79998079e+00 
 4.94500000e-09  1.80000000e+00  4.94500000e-09  1.79998068e+00 
 4.95500000e-09  1.80000000e+00  4.95500000e-09  1.79998088e+00 
 4.96500000e-09  1.80000000e+00  4.96500000e-09  1.79998077e+00 
 4.97500000e-09  1.80000000e+00  4.97500000e-09  1.79998097e+00 
 4.98500000e-09  1.80000000e+00  4.98500000e-09  1.79998086e+00 
 4.99500000e-09  1.80000000e+00  4.99500000e-09  1.79998106e+00 
 5.00500000e-09  1.80000000e+00  5.00500000e-09  1.79998095e+00 
 5.01500000e-09  1.80000000e+00  5.01500000e-09  1.79998115e+00 
 5.02500000e-09  1.80000000e+00  5.02500000e-09  1.79998103e+00 
 5.03500000e-09  1.80000000e+00  5.03500000e-09  1.79998124e+00 
 5.04500000e-09  1.80000000e+00  5.04500000e-09  1.79998112e+00 
 5.05500000e-09  1.80000000e+00  5.05500000e-09  1.79998132e+00 
 5.06500000e-09  1.80000000e+00  5.06500000e-09  1.79998121e+00 
 5.07500000e-09  1.80000000e+00  5.07500000e-09  1.79998141e+00 
 5.08500000e-09  1.80000000e+00  5.08500000e-09  1.79998129e+00 
 5.09500000e-09  1.80000000e+00  5.09500000e-09  1.79998149e+00 
 5.10500000e-09  1.80000000e+00  5.10500000e-09  1.79998138e+00 
 5.11500000e-09  1.80000000e+00  5.11500000e-09  1.79998158e+00 
 5.12500000e-09  1.80000000e+00  5.12500000e-09  1.79998146e+00 
 5.13500000e-09  1.80000000e+00  5.13500000e-09  1.79998166e+00 
 5.14500000e-09  1.80000000e+00  5.14500000e-09  1.79998155e+00 
 5.15500000e-09  1.80000000e+00  5.15500000e-09  1.79998174e+00 
 5.16500000e-09  1.80000000e+00  5.16500000e-09  1.79998163e+00 
 5.17500000e-09  1.80000000e+00  5.17500000e-09  1.79998182e+00 
 5.18500000e-09  1.80000000e+00  5.18500000e-09  1.79998171e+00 
 5.19500000e-09  1.80000000e+00  5.19500000e-09  1.79998190e+00 
 5.20500000e-09  1.80000000e+00  5.20500000e-09  1.79998179e+00 
 5.21500000e-09  1.80000000e+00  5.21500000e-09  1.79998198e+00 
 5.22500000e-09  1.80000000e+00  5.22500000e-09  1.79998187e+00 
 5.23500000e-09  1.80000000e+00  5.23500000e-09  1.79998206e+00 
 5.24500000e-09  1.80000000e+00  5.24500000e-09  1.79998195e+00 
 5.25500000e-09  1.80000000e+00  5.25500000e-09  1.79998214e+00 
 5.26500000e-09  1.80000000e+00  5.26500000e-09  1.79998203e+00 
 5.27500000e-09  1.80000000e+00  5.27500000e-09  1.79998222e+00 
 5.28500000e-09  1.80000000e+00  5.28500000e-09  1.79998211e+00 
 5.29500000e-09  1.80000000e+00  5.29500000e-09  1.79998230e+00 
 5.30500000e-09  1.80000000e+00  5.30500000e-09  1.79998219e+00 
 5.31500000e-09  1.80000000e+00  5.31500000e-09  1.79998237e+00 
 5.32500000e-09  1.80000000e+00  5.32500000e-09  1.79998227e+00 
 5.33500000e-09  1.80000000e+00  5.33500000e-09  1.79998245e+00 
 5.34500000e-09  1.80000000e+00  5.34500000e-09  1.79998234e+00 
 5.35500000e-09  1.80000000e+00  5.35500000e-09  1.79998253e+00 
 5.36500000e-09  1.80000000e+00  5.36500000e-09  1.79998242e+00 
 5.37500000e-09  1.80000000e+00  5.37500000e-09  1.79998260e+00 
 5.38500000e-09  1.80000000e+00  5.38500000e-09  1.79998250e+00 
 5.39500000e-09  1.80000000e+00  5.39500000e-09  1.79998268e+00 
 5.40500000e-09  1.80000000e+00  5.40500000e-09  1.79998257e+00 
 5.41500000e-09  1.80000000e+00  5.41500000e-09  1.79998275e+00 
 5.42500000e-09  1.80000000e+00  5.42500000e-09  1.79998265e+00 
 5.43500000e-09  1.80000000e+00  5.43500000e-09  1.79998282e+00 
 5.44500000e-09  1.80000000e+00  5.44500000e-09  1.79998272e+00 
 5.45500000e-09  1.80000000e+00  5.45500000e-09  1.79998290e+00 
 5.46500000e-09  1.80000000e+00  5.46500000e-09  1.79998279e+00 
 5.47500000e-09  1.80000000e+00  5.47500000e-09  1.79998297e+00 
 5.48500000e-09  1.80000000e+00  5.48500000e-09  1.79998286e+00 
 5.49500000e-09  1.80000000e+00  5.49500000e-09  1.79998304e+00 
 5.50000000e-09  1.80000000e+00  5.50000000e-09  1.79998292e+00 
 5.50100000e-09  1.79640000e+00  5.50100000e-09  1.79988650e+00 
 5.50300000e-09  1.78920000e+00  5.50300000e-09  1.79975604e+00 
 5.50700000e-09  1.77480000e+00  5.50700000e-09  1.79970334e+00 
 5.51500000e-09  1.74600000e+00  5.51500000e-09  1.79981664e+00 
 5.52500000e-09  1.71000000e+00  5.52500000e-09  1.79992957e+00 
 5.53500000e-09  1.67400000e+00  5.53500000e-09  1.79995891e+00 
 5.54500000e-09  1.63800000e+00  5.54500000e-09  1.79996557e+00 
 5.55500000e-09  1.60200000e+00  5.55500000e-09  1.79996592e+00 
 5.56500000e-09  1.56600000e+00  5.56500000e-09  1.79996452e+00 
 5.57500000e-09  1.53000000e+00  5.57500000e-09  1.79996230e+00 
 5.58500000e-09  1.49400000e+00  5.58500000e-09  1.79995979e+00 
 5.59500000e-09  1.45800000e+00  5.59500000e-09  1.79995692e+00 
 5.60500000e-09  1.42200000e+00  5.60500000e-09  1.79995405e+00 
 5.61500000e-09  1.38600000e+00  5.61500000e-09  1.79995120e+00 
 5.62500000e-09  1.35000000e+00  5.62500000e-09  1.79994904e+00 
 5.63500000e-09  1.31400000e+00  5.63500000e-09  1.79994818e+00 
 5.64500000e-09  1.27800000e+00  5.64500000e-09  1.79995029e+00 
 5.65500000e-09  1.24200000e+00  5.65500000e-09  1.79995761e+00 
 5.66500000e-09  1.20600000e+00  5.66500000e-09  1.79997421e+00 
 5.67500000e-09  1.17000000e+00  5.67500000e-09  1.80000582e+00 
 5.68500000e-09  1.13400000e+00  5.68500000e-09  1.80006280e+00 
 5.69500000e-09  1.09800000e+00  5.69500000e-09  1.80014769e+00 
 5.70500000e-09  1.06200000e+00  5.70500000e-09  1.80027092e+00 
 5.71500000e-09  1.02600000e+00  5.71500000e-09  1.80043239e+00 
 5.72500000e-09  9.90000000e-01  5.72500000e-09  1.80065728e+00 
 5.73500000e-09  9.54000000e-01  5.73500000e-09  1.80097966e+00 
 5.74500000e-09  9.18000000e-01  5.74500000e-09  1.80142795e+00 
 5.75500000e-09  8.82000000e-01  5.75500000e-09  1.80206609e+00 
 5.76500000e-09  8.46000000e-01  5.76500000e-09  1.80299778e+00 
 5.77500000e-09  8.10000000e-01  5.77500000e-09  1.80438427e+00 
 5.78500000e-09  7.74000000e-01  5.78500000e-09  1.80641278e+00 
 5.79500000e-09  7.38000000e-01  5.79500000e-09  1.80903109e+00 
 5.80500000e-09  7.02000000e-01  5.80500000e-09  1.81192100e+00 
 5.81500000e-09  6.66000000e-01  5.81500000e-09  1.81503049e+00 
 5.82500000e-09  6.30000000e-01  5.82500000e-09  1.81854445e+00 
 5.83500000e-09  5.94000000e-01  5.83500000e-09  1.82270649e+00 
 5.84500000e-09  5.58000000e-01  5.84500000e-09  1.82781512e+00 
 5.85500000e-09  5.22000000e-01  5.85500000e-09  1.83427590e+00 
 5.86500000e-09  4.86000000e-01  5.86500000e-09  1.84269139e+00 
 5.87500000e-09  4.50000000e-01  5.87500000e-09  1.85402939e+00 
 5.88500000e-09  4.14000000e-01  5.88500000e-09  1.87097350e+00 
 5.89500000e-09  3.78000000e-01  5.89500000e-09  1.87250339e+00 
 5.90500000e-09  3.42000000e-01  5.90500000e-09  1.77263404e+00 
 5.91500000e-09  3.06000000e-01  5.91500000e-09  1.49636987e+00 
 5.92500000e-09  2.70000000e-01  5.92500000e-09  1.07734638e+00 
 5.93500000e-09  2.34000000e-01  5.93500000e-09  6.19370116e-01 
 5.94500000e-09  1.98000000e-01  5.94500000e-09  3.09472279e-01 
 5.95500000e-09  1.62000000e-01  5.95500000e-09  1.30184502e-01 
 5.96500000e-09  1.26000000e-01  5.96500000e-09  4.61991153e-02 
 5.97500000e-09  9.00000000e-02  5.97500000e-09  1.73742504e-02 
 5.98500000e-09  5.40000000e-02  5.98500000e-09  5.96537472e-03 
 5.99500000e-09  1.80000000e-02  5.99500000e-09  3.06070489e-03 
 6.00000000e-09  0.00000000e+00  6.00000000e-09  1.74031911e-03 
 6.00100000e-09  0.00000000e+00  6.00100000e-09  1.77053619e-03 
 6.00300000e-09  0.00000000e+00  6.00300000e-09  1.70564880e-03 
 6.00700000e-09  0.00000000e+00  6.00700000e-09  1.41364845e-03 
 6.01500000e-09  0.00000000e+00  6.01500000e-09  9.67983548e-04 
 6.02500000e-09  0.00000000e+00  6.02500000e-09  5.66037510e-04 
 6.03500000e-09  0.00000000e+00  6.03500000e-09  3.29843513e-04 
 6.04500000e-09  0.00000000e+00  6.04500000e-09  1.85046985e-04 
 6.05500000e-09  0.00000000e+00  6.05500000e-09  1.07042742e-04 
 6.06500000e-09  0.00000000e+00  6.06500000e-09  5.90895085e-05 
 6.07500000e-09  0.00000000e+00  6.07500000e-09  3.45680271e-05 
 6.08500000e-09  0.00000000e+00  6.08500000e-09  1.88420646e-05 
 6.09500000e-09  0.00000000e+00  6.09500000e-09  1.15817255e-05 
 6.10500000e-09  0.00000000e+00  6.10500000e-09  6.52387771e-06 
 6.11500000e-09  0.00000000e+00  6.11500000e-09  3.99838794e-06 
 6.12500000e-09  0.00000000e+00  6.12500000e-09  2.31234862e-06 
 6.13500000e-09  0.00000000e+00  6.13500000e-09  1.42304738e-06 
 6.14500000e-09  0.00000000e+00  6.14500000e-09  9.70811159e-07 
 6.15500000e-09  0.00000000e+00  6.15500000e-09  5.77366262e-07 
 6.16500000e-09  0.00000000e+00  6.16500000e-09  5.34260512e-07 
 6.17500000e-09  0.00000000e+00  6.17500000e-09  2.56289133e-07 
 6.18500000e-09  0.00000000e+00  6.18500000e-09  4.27277112e-07 
 6.19500000e-09  0.00000000e+00  6.19500000e-09  1.89822597e-07 
 6.20500000e-09  0.00000000e+00  6.20500000e-09  4.23072780e-07 
 6.21500000e-09  0.00000000e+00  6.21500000e-09  1.72463509e-07 
 6.22500000e-09  0.00000000e+00  6.22500000e-09  4.38887754e-07 
 6.23500000e-09  0.00000000e+00  6.23500000e-09  1.70254300e-07 
 6.24500000e-09  0.00000000e+00  6.24500000e-09  4.45425582e-07 
 6.25500000e-09  0.00000000e+00  6.25500000e-09  1.69524409e-07 
 6.26500000e-09  0.00000000e+00  6.26500000e-09  4.48540102e-07 
 6.27500000e-09  0.00000000e+00  6.27500000e-09  1.69741303e-07 
 6.28500000e-09  0.00000000e+00  6.28500000e-09  4.49473529e-07 
 6.29500000e-09  0.00000000e+00  6.29500000e-09  1.70262415e-07 
 6.30500000e-09  0.00000000e+00  6.30500000e-09  4.49144088e-07 
 6.31500000e-09  0.00000000e+00  6.31500000e-09  1.70855900e-07 
 6.32500000e-09  0.00000000e+00  6.32500000e-09  4.48033044e-07 
 6.33500000e-09  0.00000000e+00  6.33500000e-09  1.71432788e-07 
 6.34500000e-09  0.00000000e+00  6.34500000e-09  4.46470920e-07 
 6.35500000e-09  0.00000000e+00  6.35500000e-09  1.71977245e-07 
 6.36500000e-09  0.00000000e+00  6.36500000e-09  4.44665617e-07 
 6.37500000e-09  0.00000000e+00  6.37500000e-09  1.72492304e-07 
 6.38500000e-09  0.00000000e+00  6.38500000e-09  4.42740253e-07 
 6.39500000e-09  0.00000000e+00  6.39500000e-09  1.72983460e-07 
 6.40500000e-09  0.00000000e+00  6.40500000e-09  4.40765383e-07 
 6.41500000e-09  0.00000000e+00  6.41500000e-09  1.73455040e-07 
 6.42500000e-09  0.00000000e+00  6.42500000e-09  4.38780642e-07 
 6.43500000e-09  0.00000000e+00  6.43500000e-09  1.73909944e-07 
 6.44500000e-09  0.00000000e+00  6.44500000e-09  4.36807934e-07 
 6.45500000e-09  0.00000000e+00  6.45500000e-09  1.74350031e-07 
 6.46500000e-09  0.00000000e+00  6.46500000e-09  4.34859148e-07 
 6.47500000e-09  0.00000000e+00  6.47500000e-09  1.74776510e-07 
 6.48500000e-09  0.00000000e+00  6.48500000e-09  4.32940548e-07 
 6.49500000e-09  0.00000000e+00  6.49500000e-09  1.75190202e-07 
 6.50500000e-09  0.00000000e+00  6.50500000e-09  4.31055260e-07 
 6.51500000e-09  0.00000000e+00  6.51500000e-09  1.75591702e-07 
 6.52500000e-09  0.00000000e+00  6.52500000e-09  4.29204663e-07 
 6.53500000e-09  0.00000000e+00  6.53500000e-09  1.75981471e-07 
 6.54500000e-09  0.00000000e+00  6.54500000e-09  4.27389174e-07 
 6.55500000e-09  0.00000000e+00  6.55500000e-09  1.76359898e-07 
 6.56500000e-09  0.00000000e+00  6.56500000e-09  4.25608674e-07 
 6.57500000e-09  0.00000000e+00  6.57500000e-09  1.76727323e-07 
 6.58500000e-09  0.00000000e+00  6.58500000e-09  4.23862758e-07 
 6.59500000e-09  0.00000000e+00  6.59500000e-09  1.77084054e-07 
 6.60500000e-09  0.00000000e+00  6.60500000e-09  4.22150866e-07 
 6.61500000e-09  0.00000000e+00  6.61500000e-09  1.77430384e-07 
 6.62500000e-09  0.00000000e+00  6.62500000e-09  4.20472367e-07 
 6.63500000e-09  0.00000000e+00  6.63500000e-09  1.77766595e-07 
 6.64500000e-09  0.00000000e+00  6.64500000e-09  4.18826588e-07 
 6.65500000e-09  0.00000000e+00  6.65500000e-09  1.78092953e-07 
 6.66500000e-09  0.00000000e+00  6.66500000e-09  4.17212844e-07 
 6.67500000e-09  0.00000000e+00  6.67500000e-09  1.78409719e-07 
 6.68500000e-09  0.00000000e+00  6.68500000e-09  4.15630448e-07 
 6.69500000e-09  0.00000000e+00  6.69500000e-09  1.78717146e-07 
 6.70500000e-09  0.00000000e+00  6.70500000e-09  4.14078725e-07 
 6.71500000e-09  0.00000000e+00  6.71500000e-09  1.79015481e-07 
 6.72500000e-09  0.00000000e+00  6.72500000e-09  4.12557006e-07 
 6.73500000e-09  0.00000000e+00  6.73500000e-09  1.79304963e-07 
 6.74500000e-09  0.00000000e+00  6.74500000e-09  4.11064636e-07 
 6.75500000e-09  0.00000000e+00  6.75500000e-09  1.79585828e-07 
 6.76500000e-09  0.00000000e+00  6.76500000e-09  4.09600973e-07 
 6.77500000e-09  0.00000000e+00  6.77500000e-09  1.79858302e-07 
 6.78500000e-09  0.00000000e+00  6.78500000e-09  4.08165387e-07 
 6.79500000e-09  0.00000000e+00  6.79500000e-09  1.80122610e-07 
 6.80500000e-09  0.00000000e+00  6.80500000e-09  4.06757266e-07 
 6.81500000e-09  0.00000000e+00  6.81500000e-09  1.80378970e-07 
 6.82500000e-09  0.00000000e+00  6.82500000e-09  4.05376006e-07 
 6.83500000e-09  0.00000000e+00  6.83500000e-09  1.80627593e-07 
 6.84500000e-09  0.00000000e+00  6.84500000e-09  4.04021019e-07 
 6.85500000e-09  0.00000000e+00  6.85500000e-09  1.80868686e-07 
 6.86500000e-09  0.00000000e+00  6.86500000e-09  4.02691731e-07 
 6.87500000e-09  0.00000000e+00  6.87500000e-09  1.81102453e-07 
 6.88500000e-09  0.00000000e+00  6.88500000e-09  4.01387581e-07 
 6.89500000e-09  0.00000000e+00  6.89500000e-09  1.81329092e-07 
 6.90500000e-09  0.00000000e+00  6.90500000e-09  4.00108016e-07 
 6.91500000e-09  0.00000000e+00  6.91500000e-09  1.81548793e-07 
 6.92500000e-09  0.00000000e+00  6.92500000e-09  3.98852503e-07 
 6.93500000e-09  0.00000000e+00  6.93500000e-09  1.67086850e-07 
 6.94500000e-09  0.00000000e+00  6.94500000e-09  3.76937657e-07 
 6.95500000e-09  0.00000000e+00  6.95500000e-09  1.60640161e-07 
 6.96500000e-09  0.00000000e+00  6.96500000e-09  3.74432797e-07 
 6.97500000e-09  0.00000000e+00  6.97500000e-09  1.74874644e-07 
 6.98500000e-09  0.00000000e+00  6.98500000e-09  3.93891461e-07 
 6.99500000e-09  0.00000000e+00  6.99500000e-09  1.76719200e-07 
 7.00500000e-09  0.00000000e+00  7.00500000e-09  3.86164342e-07 
 7.01500000e-09  0.00000000e+00  7.01500000e-09  1.79651308e-07 
 7.02500000e-09  0.00000000e+00  7.02500000e-09  3.92667596e-07 
 7.03500000e-09  0.00000000e+00  7.03500000e-09  1.77521297e-07 
 7.04500000e-09  0.00000000e+00  7.04500000e-09  3.84038714e-07 
 7.05500000e-09  0.00000000e+00  7.05500000e-09  1.80082355e-07 
 7.06500000e-09  0.00000000e+00  7.06500000e-09  3.90437673e-07 
 7.07500000e-09  0.00000000e+00  7.07500000e-09  1.77922935e-07 
 7.08500000e-09  0.00000000e+00  7.08500000e-09  3.81911245e-07 
 7.09500000e-09  0.00000000e+00  7.09500000e-09  1.75639719e-07 
 7.10500000e-09  0.00000000e+00  7.10500000e-09  3.80444914e-07 
 7.11500000e-09  0.00000000e+00  7.11500000e-09  1.75590350e-07 
 7.12500000e-09  0.00000000e+00  7.12500000e-09  3.79482284e-07 
 7.13500000e-09  0.00000000e+00  7.13500000e-09  1.75740413e-07 
 7.14500000e-09  0.00000000e+00  7.14500000e-09  3.78551388e-07 
 7.15500000e-09  0.00000000e+00  7.15500000e-09  1.75915444e-07 
 7.16500000e-09  0.00000000e+00  7.16500000e-09  3.77618819e-07 
 7.17500000e-09  0.00000000e+00  7.17500000e-09  1.76091767e-07 
 7.18500000e-09  0.00000000e+00  7.18500000e-09  3.76687950e-07 
 7.19500000e-09  0.00000000e+00  7.19500000e-09  1.76264462e-07 
 7.20500000e-09  0.00000000e+00  7.20500000e-09  3.75764147e-07 
 7.21500000e-09  0.00000000e+00  7.21500000e-09  1.76432419e-07 
 7.22500000e-09  0.00000000e+00  7.22500000e-09  3.74851151e-07 
 7.23500000e-09  0.00000000e+00  7.23500000e-09  1.76595497e-07 
 7.24500000e-09  0.00000000e+00  7.24500000e-09  3.73951156e-07 
 7.25500000e-09  0.00000000e+00  7.25500000e-09  1.76753796e-07 
 7.26500000e-09  0.00000000e+00  7.26500000e-09  3.73065315e-07 
 7.27500000e-09  0.00000000e+00  7.27500000e-09  1.76907465e-07 
 7.28500000e-09  0.00000000e+00  7.28500000e-09  3.72194146e-07 
 7.29500000e-09  0.00000000e+00  7.29500000e-09  1.77056652e-07 
 7.30500000e-09  0.00000000e+00  7.30500000e-09  3.71337798e-07 
 7.31500000e-09  0.00000000e+00  7.31500000e-09  1.77201497e-07 
 7.32500000e-09  0.00000000e+00  7.32500000e-09  3.70496211e-07 
 7.33500000e-09  0.00000000e+00  7.33500000e-09  1.77342131e-07 
 7.34500000e-09  0.00000000e+00  7.34500000e-09  3.69669215e-07 
 7.35500000e-09  0.00000000e+00  7.35500000e-09  1.77478681e-07 
 7.36500000e-09  0.00000000e+00  7.36500000e-09  3.68856576e-07 
 7.37500000e-09  0.00000000e+00  7.37500000e-09  1.77611264e-07 
 7.38500000e-09  0.00000000e+00  7.38500000e-09  3.68058025e-07 
 7.39500000e-09  0.00000000e+00  7.39500000e-09  1.77739997e-07 
 7.40500000e-09  0.00000000e+00  7.40500000e-09  3.67273283e-07 
 7.41500000e-09  0.00000000e+00  7.41500000e-09  1.77864991e-07 
 7.42500000e-09  0.00000000e+00  7.42500000e-09  3.66502065e-07 
 7.43500000e-09  0.00000000e+00  7.43500000e-09  1.77986354e-07 
 7.44500000e-09  0.00000000e+00  7.44500000e-09  3.65744084e-07 
 7.45500000e-09  0.00000000e+00  7.45500000e-09  1.78104193e-07 
 7.46500000e-09  0.00000000e+00  7.46500000e-09  3.64999058e-07 
 7.47500000e-09  0.00000000e+00  7.47500000e-09  1.78218611e-07 
 7.48500000e-09  0.00000000e+00  7.48500000e-09  3.64266705e-07 
 7.49500000e-09  0.00000000e+00  7.49500000e-09  1.78329708e-07 
 7.50500000e-09  0.00000000e+00  7.50500000e-09  3.63546754e-07 
 7.51500000e-09  0.00000000e+00  7.51500000e-09  1.78437584e-07 
 7.52500000e-09  0.00000000e+00  7.52500000e-09  3.62838934e-07 
 7.53500000e-09  0.00000000e+00  7.53500000e-09  1.78542331e-07 
 7.54500000e-09  0.00000000e+00  7.54500000e-09  3.62142985e-07 
 7.55500000e-09  0.00000000e+00  7.55500000e-09  1.78644045e-07 
 7.56500000e-09  0.00000000e+00  7.56500000e-09  3.61458646e-07 
 7.57500000e-09  0.00000000e+00  7.57500000e-09  1.78742817e-07 
 7.58500000e-09  0.00000000e+00  7.58500000e-09  3.60785665e-07 
 7.59500000e-09  0.00000000e+00  7.59500000e-09  1.78838733e-07 
 7.60500000e-09  0.00000000e+00  7.60500000e-09  3.60123798e-07 
 7.61500000e-09  0.00000000e+00  7.61500000e-09  1.78931885e-07 
 7.62500000e-09  0.00000000e+00  7.62500000e-09  3.59472803e-07 
 7.63500000e-09  0.00000000e+00  7.63500000e-09  1.79022353e-07 
 7.64500000e-09  0.00000000e+00  7.64500000e-09  3.58832443e-07 
 7.65500000e-09  0.00000000e+00  7.65500000e-09  1.79110220e-07 
 7.66500000e-09  0.00000000e+00  7.66500000e-09  3.58202489e-07 
 7.67500000e-09  0.00000000e+00  7.67500000e-09  1.79195570e-07 
 7.68500000e-09  0.00000000e+00  7.68500000e-09  3.57582713e-07 
 7.69500000e-09  0.00000000e+00  7.69500000e-09  1.79278475e-07 
 7.70500000e-09  0.00000000e+00  7.70500000e-09  3.56972896e-07 
 7.71500000e-09  0.00000000e+00  7.71500000e-09  1.79359018e-07 
 7.72500000e-09  0.00000000e+00  7.72500000e-09  3.56372823e-07 
 7.73500000e-09  0.00000000e+00  7.73500000e-09  1.79437270e-07 
 7.74500000e-09  0.00000000e+00  7.74500000e-09  3.55782281e-07 
 7.75500000e-09  0.00000000e+00  7.75500000e-09  1.79513306e-07 
 7.76500000e-09  0.00000000e+00  7.76500000e-09  3.55201064e-07 
 7.77500000e-09  0.00000000e+00  7.77500000e-09  1.79587195e-07 
 7.78500000e-09  0.00000000e+00  7.78500000e-09  3.54628970e-07 
 7.79500000e-09  0.00000000e+00  7.79500000e-09  1.79659007e-07 
 7.80500000e-09  0.00000000e+00  7.80500000e-09  3.54065803e-07 
 7.81500000e-09  0.00000000e+00  7.81500000e-09  1.79728810e-07 
 7.82500000e-09  0.00000000e+00  7.82500000e-09  3.53511368e-07 
 7.83500000e-09  0.00000000e+00  7.83500000e-09  1.79796669e-07 
 7.84500000e-09  0.00000000e+00  7.84500000e-09  3.52965475e-07 
 7.85500000e-09  0.00000000e+00  7.85500000e-09  1.79862649e-07 
 7.86500000e-09  0.00000000e+00  7.86500000e-09  3.52427941e-07 
 7.87500000e-09  0.00000000e+00  7.87500000e-09  1.79926812e-07 
 7.88500000e-09  0.00000000e+00  7.88500000e-09  3.51898585e-07 
 7.89500000e-09  0.00000000e+00  7.89500000e-09  1.79989220e-07 
 7.90500000e-09  0.00000000e+00  7.90500000e-09  3.51377230e-07 
 7.91500000e-09  0.00000000e+00  7.91500000e-09  1.80049933e-07 
 7.92500000e-09  0.00000000e+00  7.92500000e-09  3.50863704e-07 
 7.93500000e-09  0.00000000e+00  7.93500000e-09  1.80109007e-07 
 7.94500000e-09  0.00000000e+00  7.94500000e-09  3.50357835e-07 
 7.95500000e-09  0.00000000e+00  7.95500000e-09  1.80166500e-07 
 7.96500000e-09  0.00000000e+00  7.96500000e-09  3.49859459e-07 
 7.97500000e-09  0.00000000e+00  7.97500000e-09  1.80222466e-07 
 7.98500000e-09  0.00000000e+00  7.98500000e-09  3.49368414e-07 
 7.99500000e-09  0.00000000e+00  7.99500000e-09  1.80276959e-07 
 8.00500000e-09  0.00000000e+00  8.00500000e-09  3.48884543e-07 
 8.01500000e-09  0.00000000e+00  8.01500000e-09  1.80330034e-07 
 8.02500000e-09  0.00000000e+00  8.02500000e-09  3.48407689e-07 
 8.03500000e-09  0.00000000e+00  8.03500000e-09  1.80381739e-07 
 8.04500000e-09  0.00000000e+00  8.04500000e-09  3.47937701e-07 
 8.05500000e-09  0.00000000e+00  8.05500000e-09  1.80432125e-07 
 8.06500000e-09  0.00000000e+00  8.06500000e-09  3.47474432e-07 
 8.07500000e-09  0.00000000e+00  8.07500000e-09  1.80481240e-07 
 8.08500000e-09  0.00000000e+00  8.08500000e-09  3.47017736e-07 
 8.09500000e-09  0.00000000e+00  8.09500000e-09  1.80529133e-07 
 8.10500000e-09  0.00000000e+00  8.10500000e-09  3.46567470e-07 
 8.11500000e-09  0.00000000e+00  8.11500000e-09  1.80575848e-07 
 8.12500000e-09  0.00000000e+00  8.12500000e-09  3.46123497e-07 
 8.13500000e-09  0.00000000e+00  8.13500000e-09  1.80621430e-07 
 8.14500000e-09  0.00000000e+00  8.14500000e-09  3.45685681e-07 
 8.15500000e-09  0.00000000e+00  8.15500000e-09  1.80665924e-07 
 8.16500000e-09  0.00000000e+00  8.16500000e-09  3.45253888e-07 
 8.17500000e-09  0.00000000e+00  8.17500000e-09  1.80709372e-07 
 8.18500000e-09  0.00000000e+00  8.18500000e-09  3.44827990e-07 
 8.19500000e-09  0.00000000e+00  8.19500000e-09  1.80751817e-07 
 8.20500000e-09  0.00000000e+00  8.20500000e-09  3.44407858e-07 
 8.21500000e-09  0.00000000e+00  8.21500000e-09  1.80793296e-07 
 8.22500000e-09  0.00000000e+00  8.22500000e-09  3.43993370e-07 
 8.23500000e-09  0.00000000e+00  8.23500000e-09  1.80833850e-07 
 8.24500000e-09  0.00000000e+00  8.24500000e-09  3.43584403e-07 
 8.25500000e-09  0.00000000e+00  8.25500000e-09  1.80873520e-07 
 8.26500000e-09  0.00000000e+00  8.26500000e-09  3.43180838e-07 
 8.27500000e-09  0.00000000e+00  8.27500000e-09  1.80912340e-07 
 8.28500000e-09  0.00000000e+00  8.28500000e-09  3.42782559e-07 
 8.29500000e-09  0.00000000e+00  8.29500000e-09  1.80950347e-07 
 8.30500000e-09  0.00000000e+00  8.30500000e-09  3.42389451e-07 
 8.31500000e-09  0.00000000e+00  8.31500000e-09  1.80987578e-07 
 8.32500000e-09  0.00000000e+00  8.32500000e-09  3.42001405e-07 
 8.33500000e-09  0.00000000e+00  8.33500000e-09  1.81024066e-07 
 8.34500000e-09  0.00000000e+00  8.34500000e-09  3.41618310e-07 
 8.35500000e-09  0.00000000e+00  8.35500000e-09  1.81059845e-07 
 8.36500000e-09  0.00000000e+00  8.36500000e-09  3.41240061e-07 
 8.37500000e-09  0.00000000e+00  8.37500000e-09  1.81094948e-07 
 8.38500000e-09  0.00000000e+00  8.38500000e-09  3.40866552e-07 
 8.39500000e-09  0.00000000e+00  8.39500000e-09  1.81129406e-07 
 8.40500000e-09  0.00000000e+00  8.40500000e-09  3.40497684e-07 
 8.41500000e-09  0.00000000e+00  8.41500000e-09  1.81163251e-07 
 8.42500000e-09  0.00000000e+00  8.42500000e-09  3.40133354e-07 
 8.43500000e-09  0.00000000e+00  8.43500000e-09  1.81196513e-07 
 8.44500000e-09  0.00000000e+00  8.44500000e-09  3.39773467e-07 
 8.45500000e-09  0.00000000e+00  8.45500000e-09  1.81229220e-07 
 8.46500000e-09  0.00000000e+00  8.46500000e-09  3.39417925e-07 
 8.47500000e-09  0.00000000e+00  8.47500000e-09  1.81261402e-07 
 8.48500000e-09  0.00000000e+00  8.48500000e-09  3.39066637e-07 
 8.49500000e-09  0.00000000e+00  8.49500000e-09  1.81293086e-07 
 8.50500000e-09  0.00000000e+00  8.50500000e-09  3.38719510e-07 
 8.51500000e-09  0.00000000e+00  8.51500000e-09  1.81324301e-07 
 8.52500000e-09  0.00000000e+00  8.52500000e-09  3.38376456e-07 
 8.53500000e-09  0.00000000e+00  8.53500000e-09  1.81355071e-07 
 8.54500000e-09  0.00000000e+00  8.54500000e-09  3.38037387e-07 
 8.55500000e-09  0.00000000e+00  8.55500000e-09  1.81385421e-07 
 8.56500000e-09  0.00000000e+00  8.56500000e-09  3.37702216e-07 
 8.57500000e-09  0.00000000e+00  8.57500000e-09  1.81415377e-07 
 8.58500000e-09  0.00000000e+00  8.58500000e-09  3.37370862e-07 
 8.59500000e-09  0.00000000e+00  8.59500000e-09  1.81444964e-07 
 8.60500000e-09  0.00000000e+00  8.60500000e-09  3.37043242e-07 
 8.61500000e-09  0.00000000e+00  8.61500000e-09  1.81474204e-07 
 8.62500000e-09  0.00000000e+00  8.62500000e-09  3.36719275e-07 
 8.63500000e-09  0.00000000e+00  8.63500000e-09  1.81503121e-07 
 8.64500000e-09  0.00000000e+00  8.64500000e-09  3.36398885e-07 
 8.65500000e-09  0.00000000e+00  8.65500000e-09  1.81531736e-07 
 8.66500000e-09  0.00000000e+00  8.66500000e-09  3.36081993e-07 
 8.67500000e-09  0.00000000e+00  8.67500000e-09  1.81560072e-07 
 8.68500000e-09  0.00000000e+00  8.68500000e-09  3.35768527e-07 
 8.69500000e-09  0.00000000e+00  8.69500000e-09  1.81588149e-07 
 8.70500000e-09  0.00000000e+00  8.70500000e-09  3.35458410e-07 
 8.71500000e-09  0.00000000e+00  8.71500000e-09  1.81615987e-07 
 8.72500000e-09  0.00000000e+00  8.72500000e-09  3.35151572e-07 
 8.73500000e-09  0.00000000e+00  8.73500000e-09  1.81643606e-07 
 8.74500000e-09  0.00000000e+00  8.74500000e-09  3.34847945e-07 
 8.75500000e-09  0.00000000e+00  8.75500000e-09  1.81671027e-07 
 8.76500000e-09  0.00000000e+00  8.76500000e-09  3.34547456e-07 
 8.77500000e-09  0.00000000e+00  8.77500000e-09  1.81698267e-07 
 8.78500000e-09  0.00000000e+00  8.78500000e-09  3.34250041e-07 
 8.79500000e-09  0.00000000e+00  8.79500000e-09  1.81725343e-07 
 8.80500000e-09  0.00000000e+00  8.80500000e-09  3.33955633e-07 
 8.81500000e-09  0.00000000e+00  8.81500000e-09  1.81752275e-07 
 8.82500000e-09  0.00000000e+00  8.82500000e-09  3.33664169e-07 
 8.83500000e-09  0.00000000e+00  8.83500000e-09  1.81779078e-07 
 8.84500000e-09  0.00000000e+00  8.84500000e-09  3.33375585e-07 
 8.85500000e-09  0.00000000e+00  8.85500000e-09  1.81805769e-07 
 8.86500000e-09  0.00000000e+00  8.86500000e-09  3.33089821e-07 
 8.87500000e-09  0.00000000e+00  8.87500000e-09  1.81832366e-07 
 8.88500000e-09  0.00000000e+00  8.88500000e-09  3.32806816e-07 
 8.89500000e-09  0.00000000e+00  8.89500000e-09  1.81858883e-07 
 8.90500000e-09  0.00000000e+00  8.90500000e-09  3.32526510e-07 
 8.91500000e-09  0.00000000e+00  8.91500000e-09  1.81885335e-07 
 8.92500000e-09  0.00000000e+00  8.92500000e-09  3.32248847e-07 
 8.93500000e-09  0.00000000e+00  8.93500000e-09  1.81911737e-07 
 8.94500000e-09  0.00000000e+00  8.94500000e-09  3.31973769e-07 
 8.95500000e-09  0.00000000e+00  8.95500000e-09  1.81938102e-07 
 8.96500000e-09  0.00000000e+00  8.96500000e-09  3.31701224e-07 
 8.97500000e-09  0.00000000e+00  8.97500000e-09  1.81964447e-07 
 8.98500000e-09  0.00000000e+00  8.98500000e-09  3.31431156e-07 
 8.99500000e-09  0.00000000e+00  8.99500000e-09  1.81990783e-07 
 9.00500000e-09  0.00000000e+00  9.00500000e-09  3.31163512e-07 
 9.01500000e-09  0.00000000e+00  9.01500000e-09  1.82017122e-07 
 9.02500000e-09  0.00000000e+00  9.02500000e-09  3.30898242e-07 
 9.03500000e-09  0.00000000e+00  9.03500000e-09  1.82043478e-07 
 9.04500000e-09  0.00000000e+00  9.04500000e-09  3.30635295e-07 
 9.05500000e-09  0.00000000e+00  9.05500000e-09  1.82069864e-07 
 9.06500000e-09  0.00000000e+00  9.06500000e-09  3.30374621e-07 
 9.07500000e-09  0.00000000e+00  9.07500000e-09  1.82096290e-07 
 9.08500000e-09  0.00000000e+00  9.08500000e-09  3.30116171e-07 
 9.09500000e-09  0.00000000e+00  9.09500000e-09  1.82122768e-07 
 9.10500000e-09  0.00000000e+00  9.10500000e-09  3.29859901e-07 
 9.11500000e-09  0.00000000e+00  9.11500000e-09  1.82149308e-07 
 9.12500000e-09  0.00000000e+00  9.12500000e-09  3.29605761e-07 
 9.13500000e-09  0.00000000e+00  9.13500000e-09  1.82175923e-07 
 9.14500000e-09  0.00000000e+00  9.14500000e-09  3.29353709e-07 
 9.15500000e-09  0.00000000e+00  9.15500000e-09  1.82202621e-07 
 9.16500000e-09  0.00000000e+00  9.16500000e-09  3.29103700e-07 
 9.17500000e-09  0.00000000e+00  9.17500000e-09  1.82229413e-07 
 9.18500000e-09  0.00000000e+00  9.18500000e-09  3.28855689e-07 
 9.19500000e-09  0.00000000e+00  9.19500000e-09  1.82256308e-07 
 9.20500000e-09  0.00000000e+00  9.20500000e-09  3.28609637e-07 
 9.21500000e-09  0.00000000e+00  9.21500000e-09  1.82283317e-07 
 9.22500000e-09  0.00000000e+00  9.22500000e-09  3.28365499e-07 
 9.23500000e-09  0.00000000e+00  9.23500000e-09  1.82310447e-07 
 9.24500000e-09  0.00000000e+00  9.24500000e-09  3.28123237e-07 
 9.25500000e-09  0.00000000e+00  9.25500000e-09  1.82337708e-07 
 9.26500000e-09  0.00000000e+00  9.26500000e-09  3.27882813e-07 
 9.27500000e-09  0.00000000e+00  9.27500000e-09  1.82365108e-07 
 9.28500000e-09  0.00000000e+00  9.28500000e-09  3.27644185e-07 
 9.29500000e-09  0.00000000e+00  9.29500000e-09  1.82392655e-07 
 9.30500000e-09  0.00000000e+00  9.30500000e-09  3.27407317e-07 
 9.31500000e-09  0.00000000e+00  9.31500000e-09  1.82420356e-07 
 9.32500000e-09  0.00000000e+00  9.32500000e-09  3.27172170e-07 
 9.33500000e-09  0.00000000e+00  9.33500000e-09  1.82448218e-07 
 9.34500000e-09  0.00000000e+00  9.34500000e-09  3.26938711e-07 
 9.35500000e-09  0.00000000e+00  9.35500000e-09  1.82476251e-07 
 9.36500000e-09  0.00000000e+00  9.36500000e-09  3.26706902e-07 
 9.37500000e-09  0.00000000e+00  9.37500000e-09  1.82504460e-07 
 9.38500000e-09  0.00000000e+00  9.38500000e-09  3.26476711e-07 
 9.39500000e-09  0.00000000e+00  9.39500000e-09  1.82532853e-07 
 9.40500000e-09  0.00000000e+00  9.40500000e-09  3.26248102e-07 
 9.41500000e-09  0.00000000e+00  9.41500000e-09  1.82561434e-07 
 9.42500000e-09  0.00000000e+00  9.42500000e-09  3.26021041e-07 
 9.43500000e-09  0.00000000e+00  9.43500000e-09  1.82590211e-07 
 9.44500000e-09  0.00000000e+00  9.44500000e-09  3.25795500e-07 
 9.45500000e-09  0.00000000e+00  9.45500000e-09  1.82619190e-07 
 9.46500000e-09  0.00000000e+00  9.46500000e-09  3.25571442e-07 
 9.47500000e-09  0.00000000e+00  9.47500000e-09  1.82648376e-07 
 9.48500000e-09  0.00000000e+00  9.48500000e-09  3.25348839e-07 
 9.49500000e-09  0.00000000e+00  9.49500000e-09  1.82677775e-07 
 9.50500000e-09  0.00000000e+00  9.50500000e-09  3.25127661e-07 
 9.51500000e-09  0.00000000e+00  9.51500000e-09  1.82707391e-07 
 9.52500000e-09  0.00000000e+00  9.52500000e-09  3.24907878e-07 
 9.53500000e-09  0.00000000e+00  9.53500000e-09  1.82737230e-07 
 9.54500000e-09  0.00000000e+00  9.54500000e-09  3.24689460e-07 
 9.55500000e-09  0.00000000e+00  9.55500000e-09  1.82767298e-07 
 9.56500000e-09  0.00000000e+00  9.56500000e-09  3.24472381e-07 
 9.57500000e-09  0.00000000e+00  9.57500000e-09  1.82797599e-07 
 9.58500000e-09  0.00000000e+00  9.58500000e-09  3.24256610e-07 
 9.59500000e-09  0.00000000e+00  9.59500000e-09  1.82828136e-07 
 9.60500000e-09  0.00000000e+00  9.60500000e-09  3.24042123e-07 
 9.61500000e-09  0.00000000e+00  9.61500000e-09  1.82858914e-07 
 9.62500000e-09  0.00000000e+00  9.62500000e-09  3.23828892e-07 
 9.63500000e-09  0.00000000e+00  9.63500000e-09  1.82889939e-07 
 9.64500000e-09  0.00000000e+00  9.64500000e-09  3.23616893e-07 
 9.65500000e-09  0.00000000e+00  9.65500000e-09  1.82921211e-07 
 9.66500000e-09  0.00000000e+00  9.66500000e-09  3.23406096e-07 
 9.67500000e-09  0.00000000e+00  9.67500000e-09  1.82952737e-07 
 9.68500000e-09  0.00000000e+00  9.68500000e-09  3.23196481e-07 
 9.69500000e-09  0.00000000e+00  9.69500000e-09  1.82984518e-07 
 9.70500000e-09  0.00000000e+00  9.70500000e-09  3.22988022e-07 
 9.71500000e-09  0.00000000e+00  9.71500000e-09  1.83016560e-07 
 9.72500000e-09  0.00000000e+00  9.72500000e-09  3.22780696e-07 
 9.73500000e-09  0.00000000e+00  9.73500000e-09  1.83048864e-07 
 9.74500000e-09  0.00000000e+00  9.74500000e-09  3.22574479e-07 
 9.75500000e-09  0.00000000e+00  9.75500000e-09  1.83081434e-07 
 9.76500000e-09  0.00000000e+00  9.76500000e-09  3.22369350e-07 
 9.77500000e-09  0.00000000e+00  9.77500000e-09  1.83114272e-07 
 9.78500000e-09  0.00000000e+00  9.78500000e-09  3.22165285e-07 
 9.79500000e-09  0.00000000e+00  9.79500000e-09  1.83147382e-07 
 9.80500000e-09  0.00000000e+00  9.80500000e-09  3.21962263e-07 
 9.81500000e-09  0.00000000e+00  9.81500000e-09  1.83180765e-07 
 9.82500000e-09  0.00000000e+00  9.82500000e-09  3.21760262e-07 
 9.83500000e-09  0.00000000e+00  9.83500000e-09  1.83214423e-07 
 9.84500000e-09  0.00000000e+00  9.84500000e-09  3.21596008e-07 
 9.85500000e-09  0.00000000e+00  9.85500000e-09  1.83259939e-07 
 9.86500000e-09  0.00000000e+00  9.86500000e-09  3.21455046e-07 
 9.87500000e-09  0.00000000e+00  9.87500000e-09  1.83313104e-07 
 9.88500000e-09  0.00000000e+00  9.88500000e-09  3.21315800e-07 
 9.89500000e-09  0.00000000e+00  9.89500000e-09  1.83367180e-07 
 9.90500000e-09  0.00000000e+00  9.90500000e-09  3.21176765e-07 
 9.91500000e-09  0.00000000e+00  9.91500000e-09  1.83421533e-07 
 9.92500000e-09  0.00000000e+00  9.92500000e-09  3.21037968e-07 
 9.93500000e-09  0.00000000e+00  9.93500000e-09  1.83476077e-07 
 9.94500000e-09  0.00000000e+00  9.94500000e-09  3.20899503e-07 
 9.95500000e-09  0.00000000e+00  9.95500000e-09  1.83530789e-07 
 9.96500000e-09  0.00000000e+00  9.96500000e-09  3.20761426e-07 
 9.97500000e-09  0.00000000e+00  9.97500000e-09  1.83585659e-07 
 9.98500000e-09  0.00000000e+00  9.98500000e-09  3.20623765e-07 
 9.99500000e-09  0.00000000e+00  9.99500000e-09  1.83640685e-07 
 1.00000000e-08  0.00000000e+00  1.00000000e-08  3.10180739e-07 
 1.00010000e-08  3.60000000e-03  1.00010000e-08  3.63629420e-05 
 1.00030000e-08  1.08000000e-02  1.00030000e-08  1.12290692e-04 
 1.00070000e-08  2.52000000e-02  1.00070000e-08  2.20224285e-04 
 1.00150000e-08  5.40000000e-02  1.00150000e-08  2.54524126e-04 
 1.00250000e-08  9.00000000e-02  1.00250000e-08  1.92660981e-04 
 1.00350000e-08  1.26000000e-01  1.00350000e-08  1.26682109e-04 
 1.00450000e-08  1.62000000e-01  1.00450000e-08  8.44356289e-05 
 1.00550000e-08  1.98000000e-01  1.00550000e-08  6.01455998e-05 
 1.00650000e-08  2.34000000e-01  1.00650000e-08  4.81080800e-05 
 1.00750000e-08  2.70000000e-01  1.00750000e-08  4.27054653e-05 
 1.00850000e-08  3.06000000e-01  1.00850000e-08  4.16740501e-05 
 1.00950000e-08  3.42000000e-01  1.00950000e-08  4.30485612e-05 
 1.01050000e-08  3.78000000e-01  1.01050000e-08  4.62230645e-05 
 1.01150000e-08  4.14000000e-01  1.01150000e-08  5.04974758e-05 
 1.01250000e-08  4.50000000e-01  1.01250000e-08  5.54155143e-05 
 1.01350000e-08  4.86000000e-01  1.01350000e-08  6.00125126e-05 
 1.01450000e-08  5.22000000e-01  1.01450000e-08  6.22203915e-05 
 1.01550000e-08  5.58000000e-01  1.01550000e-08  5.76374776e-05 
 1.01650000e-08  5.94000000e-01  1.01650000e-08  3.72061835e-05 
 1.01750000e-08  6.30000000e-01  1.01750000e-08 -1.57129687e-05 
 1.01850000e-08  6.66000000e-01  1.01850000e-08 -1.28342336e-04 
 1.01950000e-08  7.02000000e-01  1.01950000e-08 -3.36870860e-04 
 1.02050000e-08  7.38000000e-01  1.02050000e-08 -6.85847686e-04 
 1.02150000e-08  7.74000000e-01  1.02150000e-08 -1.17243603e-03 
 1.02250000e-08  8.10000000e-01  1.02250000e-08 -1.91771358e-03 
 1.02350000e-08  8.46000000e-01  1.02350000e-08 -3.01261451e-03 
 1.02450000e-08  8.82000000e-01  1.02450000e-08 -4.64745625e-03 
 1.02550000e-08  9.18000000e-01  1.02550000e-08 -7.21085490e-03 
 1.02650000e-08  9.54000000e-01  1.02650000e-08 -1.09765764e-02 
 1.02750000e-08  9.90000000e-01  1.02750000e-08 -1.63303876e-02 
 1.02850000e-08  1.02600000e+00  1.02850000e-08 -2.21998264e-02 
 1.02950000e-08  1.06200000e+00  1.02950000e-08 -2.08574809e-02 
 1.03050000e-08  1.09800000e+00  1.03050000e-08  4.37794294e-03 
 1.03150000e-08  1.13400000e+00  1.03150000e-08  8.43557835e-02 
 1.03250000e-08  1.17000000e+00  1.03250000e-08  2.63989464e-01 
 1.03350000e-08  1.20600000e+00  1.03350000e-08  5.71702506e-01 
 1.03450000e-08  1.24200000e+00  1.03450000e-08  1.04813826e+00 
 1.03550000e-08  1.27800000e+00  1.03550000e-08  1.49815753e+00 
 1.03650000e-08  1.31400000e+00  1.03650000e-08  1.69803279e+00 
 1.03750000e-08  1.35000000e+00  1.03750000e-08  1.76236178e+00 
 1.03850000e-08  1.38600000e+00  1.03850000e-08  1.78363767e+00 
 1.03950000e-08  1.42200000e+00  1.03950000e-08  1.79164323e+00 
 1.04050000e-08  1.45800000e+00  1.04050000e-08  1.79486791e+00 
 1.04150000e-08  1.49400000e+00  1.04150000e-08  1.79646393e+00 
 1.04250000e-08  1.53000000e+00  1.04250000e-08  1.79720026e+00 
 1.04350000e-08  1.56600000e+00  1.04350000e-08  1.79776430e+00 
 1.04450000e-08  1.60200000e+00  1.04450000e-08  1.79803962e+00 
 1.04550000e-08  1.63800000e+00  1.04550000e-08  1.79836002e+00 
 1.04650000e-08  1.67400000e+00  1.04650000e-08  1.79849027e+00 
 1.04750000e-08  1.71000000e+00  1.04750000e-08  1.79871375e+00 
 1.04850000e-08  1.74600000e+00  1.04850000e-08  1.79877667e+00 
 1.04950000e-08  1.78200000e+00  1.04950000e-08  1.79894940e+00 
 1.05000000e-08  1.80000000e+00  1.05000000e-08  1.79893134e+00 
 1.05010000e-08  1.80000000e+00  1.05010000e-08  1.79888161e+00 
 1.05030000e-08  1.80000000e+00  1.05030000e-08  1.79877597e+00 
 1.05070000e-08  1.80000000e+00  1.05070000e-08  1.79875542e+00 
 1.05150000e-08  1.80000000e+00  1.05150000e-08  1.79892742e+00 
 1.05250000e-08  1.80000000e+00  1.05250000e-08  1.79911145e+00 
 1.05350000e-08  1.80000000e+00  1.05350000e-08  1.79920399e+00 
 1.05450000e-08  1.80000000e+00  1.05450000e-08  1.79926315e+00 
 1.05550000e-08  1.80000000e+00  1.05550000e-08  1.79931126e+00 
 1.05650000e-08  1.80000000e+00  1.05650000e-08  1.79935142e+00 
 1.05750000e-08  1.80000000e+00  1.05750000e-08  1.79938821e+00 
 1.05850000e-08  1.80000000e+00  1.05850000e-08  1.79942004e+00 
 1.05950000e-08  1.80000000e+00  1.05950000e-08  1.79945002e+00 
 1.06050000e-08  1.80000000e+00  1.06050000e-08  1.79947607e+00 
 1.06150000e-08  1.80000000e+00  1.06150000e-08  1.79950104e+00 
 1.06250000e-08  1.80000000e+00  1.06250000e-08  1.79952272e+00 
 1.06350000e-08  1.80000000e+00  1.06350000e-08  1.79954384e+00 
 1.06450000e-08  1.80000000e+00  1.06450000e-08  1.79956213e+00 
 1.06550000e-08  1.80000000e+00  1.06550000e-08  1.79958022e+00 
 1.06650000e-08  1.80000000e+00  1.06650000e-08  1.79959582e+00 
 1.06750000e-08  1.80000000e+00  1.06750000e-08  1.79961149e+00 
 1.06850000e-08  1.80000000e+00  1.06850000e-08  1.79962494e+00 
 1.06950000e-08  1.80000000e+00  1.06950000e-08  1.79963865e+00 
 1.07050000e-08  1.80000000e+00  1.07050000e-08  1.79965034e+00 
 1.07150000e-08  1.80000000e+00  1.07150000e-08  1.79966244e+00 
 1.07250000e-08  1.80000000e+00  1.07250000e-08  1.79967267e+00 
 1.07350000e-08  1.80000000e+00  1.07350000e-08  1.79968343e+00 
 1.07450000e-08  1.80000000e+00  1.07450000e-08  1.79969245e+00 
 1.07550000e-08  1.80000000e+00  1.07550000e-08  1.79970208e+00 
 1.07650000e-08  1.80000000e+00  1.07650000e-08  1.79971008e+00 
 1.07750000e-08  1.80000000e+00  1.07750000e-08  1.79971876e+00 
 1.07850000e-08  1.80000000e+00  1.07850000e-08  1.79972589e+00 
 1.07950000e-08  1.80000000e+00  1.07950000e-08  1.79973375e+00 
 1.08050000e-08  1.80000000e+00  1.08050000e-08  1.79974014e+00 
 1.08150000e-08  1.80000000e+00  1.08150000e-08  1.79974730e+00 
 1.08250000e-08  1.80000000e+00  1.08250000e-08  1.79975305e+00 
 1.08350000e-08  1.80000000e+00  1.08350000e-08  1.79975960e+00 
 1.08450000e-08  1.80000000e+00  1.08450000e-08  1.79976480e+00 
 1.08550000e-08  1.80000000e+00  1.08550000e-08  1.79977081e+00 
 1.08650000e-08  1.80000000e+00  1.08650000e-08  1.79977552e+00 
 1.08750000e-08  1.80000000e+00  1.08750000e-08  1.79978107e+00 
 1.08850000e-08  1.80000000e+00  1.08850000e-08  1.79978535e+00 
 1.08950000e-08  1.80000000e+00  1.08950000e-08  1.79979049e+00 
 1.09050000e-08  1.80000000e+00  1.09050000e-08  1.79979440e+00 
 1.09150000e-08  1.80000000e+00  1.09150000e-08  1.79979917e+00 
 1.09250000e-08  1.80000000e+00  1.09250000e-08  1.79980274e+00 
 1.09350000e-08  1.80000000e+00  1.09350000e-08  1.79980719e+00 
 1.09450000e-08  1.80000000e+00  1.09450000e-08  1.79981047e+00 
 1.09550000e-08  1.80000000e+00  1.09550000e-08  1.79981462e+00 
 1.09650000e-08  1.80000000e+00  1.09650000e-08  1.79981763e+00 
 1.09750000e-08  1.80000000e+00  1.09750000e-08  1.79982152e+00 
 1.09850000e-08  1.80000000e+00  1.09850000e-08  1.79982430e+00 
 1.09950000e-08  1.80000000e+00  1.09950000e-08  1.79982795e+00 
 1.10050000e-08  1.80000000e+00  1.10050000e-08  1.79983052e+00 
 1.10150000e-08  1.80000000e+00  1.10150000e-08  1.79983396e+00 
 1.10250000e-08  1.80000000e+00  1.10250000e-08  1.79983633e+00 
 1.10350000e-08  1.80000000e+00  1.10350000e-08  1.79983957e+00 
 1.10450000e-08  1.80000000e+00  1.10450000e-08  1.79984177e+00 
 1.10550000e-08  1.80000000e+00  1.10550000e-08  1.79984484e+00 
 1.10650000e-08  1.80000000e+00  1.10650000e-08  1.79984688e+00 
 1.10750000e-08  1.80000000e+00  1.10750000e-08  1.79984978e+00 
 1.10850000e-08  1.80000000e+00  1.10850000e-08  1.79985168e+00 
 1.10950000e-08  1.80000000e+00  1.10950000e-08  1.79985443e+00 
 1.11050000e-08  1.80000000e+00  1.11050000e-08  1.79985620e+00 
 1.11150000e-08  1.80000000e+00  1.11150000e-08  1.79985882e+00 
 1.11250000e-08  1.80000000e+00  1.11250000e-08  1.79986046e+00 
 1.11350000e-08  1.80000000e+00  1.11350000e-08  1.79986296e+00 
 1.11450000e-08  1.80000000e+00  1.11450000e-08  1.79986449e+00 
 1.11550000e-08  1.80000000e+00  1.11550000e-08  1.79986687e+00 
 1.11650000e-08  1.80000000e+00  1.11650000e-08  1.79986830e+00 
 1.11750000e-08  1.80000000e+00  1.11750000e-08  1.79987057e+00 
 1.11850000e-08  1.80000000e+00  1.11850000e-08  1.79987192e+00 
 1.11950000e-08  1.80000000e+00  1.11950000e-08  1.79987409e+00 
 1.12050000e-08  1.80000000e+00  1.12050000e-08  1.79987534e+00 
 1.12150000e-08  1.80000000e+00  1.12150000e-08  1.79987742e+00 
 1.12250000e-08  1.80000000e+00  1.12250000e-08  1.79987860e+00 
 1.12350000e-08  1.80000000e+00  1.12350000e-08  1.79988059e+00 
 1.12450000e-08  1.80000000e+00  1.12450000e-08  1.79988169e+00 
 1.12550000e-08  1.80000000e+00  1.12550000e-08  1.79988361e+00 
 1.12650000e-08  1.80000000e+00  1.12650000e-08  1.79988464e+00 
 1.12750000e-08  1.80000000e+00  1.12750000e-08  1.79988648e+00 
 1.12850000e-08  1.80000000e+00  1.12850000e-08  1.79988745e+00 
 1.12950000e-08  1.80000000e+00  1.12950000e-08  1.79988922e+00 
 1.13050000e-08  1.80000000e+00  1.13050000e-08  1.79989014e+00 
 1.13150000e-08  1.80000000e+00  1.13150000e-08  1.79989184e+00 
 1.13250000e-08  1.80000000e+00  1.13250000e-08  1.79989270e+00 
 1.13350000e-08  1.80000000e+00  1.13350000e-08  1.79989434e+00 
 1.13450000e-08  1.80000000e+00  1.13450000e-08  1.79989515e+00 
 1.13550000e-08  1.80000000e+00  1.13550000e-08  1.79989673e+00 
 1.13650000e-08  1.80000000e+00  1.13650000e-08  1.79989750e+00 
 1.13750000e-08  1.80000000e+00  1.13750000e-08  1.79989902e+00 
 1.13850000e-08  1.80000000e+00  1.13850000e-08  1.79989974e+00 
 1.13950000e-08  1.80000000e+00  1.13950000e-08  1.79990122e+00 
 1.14050000e-08  1.80000000e+00  1.14050000e-08  1.79990190e+00 
 1.14150000e-08  1.80000000e+00  1.14150000e-08  1.79990332e+00 
 1.14250000e-08  1.80000000e+00  1.14250000e-08  1.79990396e+00 
 1.14350000e-08  1.80000000e+00  1.14350000e-08  1.79990534e+00 
 1.14450000e-08  1.80000000e+00  1.14450000e-08  1.79990595e+00 
 1.14550000e-08  1.80000000e+00  1.14550000e-08  1.79990728e+00 
 1.14650000e-08  1.80000000e+00  1.14650000e-08  1.79990785e+00 
 1.14750000e-08  1.80000000e+00  1.14750000e-08  1.79990915e+00 
 1.14850000e-08  1.80000000e+00  1.14850000e-08  1.79990969e+00 
 1.14950000e-08  1.80000000e+00  1.14950000e-08  1.79991095e+00 
 1.15050000e-08  1.80000000e+00  1.15050000e-08  1.79991146e+00 
 1.15150000e-08  1.80000000e+00  1.15150000e-08  1.79991267e+00 
 1.15250000e-08  1.80000000e+00  1.15250000e-08  1.79991316e+00 
 1.15350000e-08  1.80000000e+00  1.15350000e-08  1.79991434e+00 
 1.15450000e-08  1.80000000e+00  1.15450000e-08  1.79991479e+00 
 1.15550000e-08  1.80000000e+00  1.15550000e-08  1.79991594e+00 
 1.15650000e-08  1.80000000e+00  1.15650000e-08  1.79991637e+00 
 1.15750000e-08  1.80000000e+00  1.15750000e-08  1.79991749e+00 
 1.15850000e-08  1.80000000e+00  1.15850000e-08  1.79991790e+00 
 1.15950000e-08  1.80000000e+00  1.15950000e-08  1.79991899e+00 
 1.16050000e-08  1.80000000e+00  1.16050000e-08  1.79991937e+00 
 1.16150000e-08  1.80000000e+00  1.16150000e-08  1.79992043e+00 
 1.16250000e-08  1.80000000e+00  1.16250000e-08  1.79992079e+00 
 1.16350000e-08  1.80000000e+00  1.16350000e-08  1.79992182e+00 
 1.16450000e-08  1.80000000e+00  1.16450000e-08  1.79992217e+00 
 1.16550000e-08  1.80000000e+00  1.16550000e-08  1.79992317e+00 
 1.16650000e-08  1.80000000e+00  1.16650000e-08  1.79992350e+00 
 1.16750000e-08  1.80000000e+00  1.16750000e-08  1.79992448e+00 
 1.16850000e-08  1.80000000e+00  1.16850000e-08  1.79992479e+00 
 1.16950000e-08  1.80000000e+00  1.16950000e-08  1.79992574e+00 
 1.17050000e-08  1.80000000e+00  1.17050000e-08  1.79992603e+00 
 1.17150000e-08  1.80000000e+00  1.17150000e-08  1.79992696e+00 
 1.17250000e-08  1.80000000e+00  1.17250000e-08  1.79992724e+00 
 1.17350000e-08  1.80000000e+00  1.17350000e-08  1.79992814e+00 
 1.17450000e-08  1.80000000e+00  1.17450000e-08  1.79992841e+00 
 1.17550000e-08  1.80000000e+00  1.17550000e-08  1.79992929e+00 
 1.17650000e-08  1.80000000e+00  1.17650000e-08  1.79992954e+00 
 1.17750000e-08  1.80000000e+00  1.17750000e-08  1.79993041e+00 
 1.17850000e-08  1.80000000e+00  1.17850000e-08  1.79993064e+00 
 1.17950000e-08  1.80000000e+00  1.17950000e-08  1.79993149e+00 
 1.18050000e-08  1.80000000e+00  1.18050000e-08  1.79993171e+00 
 1.18150000e-08  1.80000000e+00  1.18150000e-08  1.79993253e+00 
 1.18250000e-08  1.80000000e+00  1.18250000e-08  1.79993274e+00 
 1.18350000e-08  1.80000000e+00  1.18350000e-08  1.79993355e+00 
 1.18450000e-08  1.80000000e+00  1.18450000e-08  1.79993375e+00 
 1.18550000e-08  1.80000000e+00  1.18550000e-08  1.79993454e+00 
 1.18650000e-08  1.80000000e+00  1.18650000e-08  1.79993473e+00 
 1.18750000e-08  1.80000000e+00  1.18750000e-08  1.79993550e+00 
 1.18850000e-08  1.80000000e+00  1.18850000e-08  1.79993568e+00 
 1.18950000e-08  1.80000000e+00  1.18950000e-08  1.79993643e+00 
 1.19050000e-08  1.80000000e+00  1.19050000e-08  1.79993660e+00 
 1.19150000e-08  1.80000000e+00  1.19150000e-08  1.79993734e+00 
 1.19250000e-08  1.80000000e+00  1.19250000e-08  1.79993750e+00 
 1.19350000e-08  1.80000000e+00  1.19350000e-08  1.79993822e+00 
 1.19450000e-08  1.80000000e+00  1.19450000e-08  1.79993837e+00 
 1.19550000e-08  1.80000000e+00  1.19550000e-08  1.79993908e+00 
 1.19650000e-08  1.80000000e+00  1.19650000e-08  1.79993923e+00 
 1.19750000e-08  1.80000000e+00  1.19750000e-08  1.79993992e+00 
 1.19850000e-08  1.80000000e+00  1.19850000e-08  1.79994005e+00 
 1.19950000e-08  1.80000000e+00  1.19950000e-08  1.79994073e+00 
 1.20050000e-08  1.80000000e+00  1.20050000e-08  1.79994086e+00 
 1.20150000e-08  1.80000000e+00  1.20150000e-08  1.79994153e+00 
 1.20250000e-08  1.80000000e+00  1.20250000e-08  1.79994165e+00 
 1.20350000e-08  1.80000000e+00  1.20350000e-08  1.79994230e+00 
 1.20450000e-08  1.80000000e+00  1.20450000e-08  1.79994241e+00 
 1.20550000e-08  1.80000000e+00  1.20550000e-08  1.79994305e+00 
 1.20650000e-08  1.80000000e+00  1.20650000e-08  1.79994316e+00 
 1.20750000e-08  1.80000000e+00  1.20750000e-08  1.79994379e+00 
 1.20850000e-08  1.80000000e+00  1.20850000e-08  1.79994389e+00 
 1.20950000e-08  1.80000000e+00  1.20950000e-08  1.79994451e+00 
 1.21050000e-08  1.80000000e+00  1.21050000e-08  1.79994460e+00 
 1.21150000e-08  1.80000000e+00  1.21150000e-08  1.79994521e+00 
 1.21250000e-08  1.80000000e+00  1.21250000e-08  1.79994529e+00 
 1.21350000e-08  1.80000000e+00  1.21350000e-08  1.79994589e+00 
 1.21450000e-08  1.80000000e+00  1.21450000e-08  1.79994597e+00 
 1.21550000e-08  1.80000000e+00  1.21550000e-08  1.79994655e+00 
 1.21650000e-08  1.80000000e+00  1.21650000e-08  1.79994663e+00 
 1.21750000e-08  1.80000000e+00  1.21750000e-08  1.79994721e+00 
 1.21850000e-08  1.80000000e+00  1.21850000e-08  1.79994728e+00 
 1.21950000e-08  1.80000000e+00  1.21950000e-08  1.79994784e+00 
 1.22050000e-08  1.80000000e+00  1.22050000e-08  1.79994791e+00 
 1.22150000e-08  1.80000000e+00  1.22150000e-08  1.79994846e+00 
 1.22250000e-08  1.80000000e+00  1.22250000e-08  1.79994853e+00 
 1.22350000e-08  1.80000000e+00  1.22350000e-08  1.79994907e+00 
 1.22450000e-08  1.80000000e+00  1.22450000e-08  1.79994913e+00 
 1.22550000e-08  1.80000000e+00  1.22550000e-08  1.79994966e+00 
 1.22650000e-08  1.80000000e+00  1.22650000e-08  1.79994972e+00 
 1.22750000e-08  1.80000000e+00  1.22750000e-08  1.79995024e+00 
 1.22850000e-08  1.80000000e+00  1.22850000e-08  1.79995029e+00 
 1.22950000e-08  1.80000000e+00  1.22950000e-08  1.79995081e+00 
 1.23050000e-08  1.80000000e+00  1.23050000e-08  1.79995086e+00 
 1.23150000e-08  1.80000000e+00  1.23150000e-08  1.79995136e+00 
 1.23250000e-08  1.80000000e+00  1.23250000e-08  1.79995141e+00 
 1.23350000e-08  1.80000000e+00  1.23350000e-08  1.79995191e+00 
 1.23450000e-08  1.80000000e+00  1.23450000e-08  1.79995195e+00 
 1.23550000e-08  1.80000000e+00  1.23550000e-08  1.79995244e+00 
 1.23650000e-08  1.80000000e+00  1.23650000e-08  1.79995248e+00 
 1.23750000e-08  1.80000000e+00  1.23750000e-08  1.79995296e+00 
 1.23850000e-08  1.80000000e+00  1.23850000e-08  1.79995299e+00 
 1.23950000e-08  1.80000000e+00  1.23950000e-08  1.79995347e+00 
 1.24050000e-08  1.80000000e+00  1.24050000e-08  1.79995350e+00 
 1.24150000e-08  1.80000000e+00  1.24150000e-08  1.79995397e+00 
 1.24250000e-08  1.80000000e+00  1.24250000e-08  1.79995400e+00 
 1.24350000e-08  1.80000000e+00  1.24350000e-08  1.79995445e+00 
 1.24450000e-08  1.80000000e+00  1.24450000e-08  1.79995448e+00 
 1.24550000e-08  1.80000000e+00  1.24550000e-08  1.79995493e+00 
 1.24650000e-08  1.80000000e+00  1.24650000e-08  1.79995496e+00 
 1.24750000e-08  1.80000000e+00  1.24750000e-08  1.79995540e+00 
 1.24850000e-08  1.80000000e+00  1.24850000e-08  1.79995542e+00 
 1.24950000e-08  1.80000000e+00  1.24950000e-08  1.79995586e+00 
 1.25050000e-08  1.80000000e+00  1.25050000e-08  1.79995588e+00 
 1.25150000e-08  1.80000000e+00  1.25150000e-08  1.79995631e+00 
 1.25250000e-08  1.80000000e+00  1.25250000e-08  1.79995633e+00 
 1.25350000e-08  1.80000000e+00  1.25350000e-08  1.79995675e+00 
 1.25450000e-08  1.80000000e+00  1.25450000e-08  1.79995677e+00 
 1.25550000e-08  1.80000000e+00  1.25550000e-08  1.79995718e+00 
 1.25650000e-08  1.80000000e+00  1.25650000e-08  1.79995720e+00 
 1.25750000e-08  1.80000000e+00  1.25750000e-08  1.79995761e+00 
 1.25850000e-08  1.80000000e+00  1.25850000e-08  1.79995762e+00 
 1.25950000e-08  1.80000000e+00  1.25950000e-08  1.79995803e+00 
 1.26050000e-08  1.80000000e+00  1.26050000e-08  1.79995804e+00 
 1.26150000e-08  1.80000000e+00  1.26150000e-08  1.79995843e+00 
 1.26250000e-08  1.80000000e+00  1.26250000e-08  1.79995844e+00 
 1.26350000e-08  1.80000000e+00  1.26350000e-08  1.79995884e+00 
 1.26450000e-08  1.80000000e+00  1.26450000e-08  1.79995884e+00 
 1.26550000e-08  1.80000000e+00  1.26550000e-08  1.79995923e+00 
 1.26650000e-08  1.80000000e+00  1.26650000e-08  1.79995923e+00 
 1.26750000e-08  1.80000000e+00  1.26750000e-08  1.79995962e+00 
 1.26850000e-08  1.80000000e+00  1.26850000e-08  1.79995962e+00 
 1.26950000e-08  1.80000000e+00  1.26950000e-08  1.79996000e+00 
 1.27050000e-08  1.80000000e+00  1.27050000e-08  1.79996000e+00 
 1.27150000e-08  1.80000000e+00  1.27150000e-08  1.79996037e+00 
 1.27250000e-08  1.80000000e+00  1.27250000e-08  1.79996037e+00 
 1.27350000e-08  1.80000000e+00  1.27350000e-08  1.79996073e+00 
 1.27450000e-08  1.80000000e+00  1.27450000e-08  1.79996073e+00 
 1.27550000e-08  1.80000000e+00  1.27550000e-08  1.79996109e+00 
 1.27650000e-08  1.80000000e+00  1.27650000e-08  1.79996109e+00 
 1.27750000e-08  1.80000000e+00  1.27750000e-08  1.79996145e+00 
 1.27850000e-08  1.80000000e+00  1.27850000e-08  1.79996144e+00 
 1.27950000e-08  1.80000000e+00  1.27950000e-08  1.79996179e+00 
 1.28050000e-08  1.80000000e+00  1.28050000e-08  1.79996179e+00 
 1.28150000e-08  1.80000000e+00  1.28150000e-08  1.79996213e+00 
 1.28250000e-08  1.80000000e+00  1.28250000e-08  1.79996213e+00 
 1.28350000e-08  1.80000000e+00  1.28350000e-08  1.79996247e+00 
 1.28450000e-08  1.80000000e+00  1.28450000e-08  1.79996246e+00 
 1.28550000e-08  1.80000000e+00  1.28550000e-08  1.79996280e+00 
 1.28650000e-08  1.80000000e+00  1.28650000e-08  1.79996279e+00 
 1.28750000e-08  1.80000000e+00  1.28750000e-08  1.79996312e+00 
 1.28850000e-08  1.80000000e+00  1.28850000e-08  1.79996311e+00 
 1.28950000e-08  1.80000000e+00  1.28950000e-08  1.79996344e+00 
 1.29050000e-08  1.80000000e+00  1.29050000e-08  1.79996343e+00 
 1.29150000e-08  1.80000000e+00  1.29150000e-08  1.79996375e+00 
 1.29250000e-08  1.80000000e+00  1.29250000e-08  1.79996374e+00 
 1.29350000e-08  1.80000000e+00  1.29350000e-08  1.79996406e+00 
 1.29450000e-08  1.80000000e+00  1.29450000e-08  1.79996405e+00 
 1.29550000e-08  1.80000000e+00  1.29550000e-08  1.79996436e+00 
 1.29650000e-08  1.80000000e+00  1.29650000e-08  1.79996435e+00 
 1.29750000e-08  1.80000000e+00  1.29750000e-08  1.79996466e+00 
 1.29850000e-08  1.80000000e+00  1.29850000e-08  1.79996465e+00 
 1.29950000e-08  1.80000000e+00  1.29950000e-08  1.79996496e+00 
 1.30050000e-08  1.80000000e+00  1.30050000e-08  1.79996494e+00 
 1.30150000e-08  1.80000000e+00  1.30150000e-08  1.79996524e+00 
 1.30250000e-08  1.80000000e+00  1.30250000e-08  1.79996523e+00 
 1.30350000e-08  1.80000000e+00  1.30350000e-08  1.79996553e+00 
 1.30450000e-08  1.80000000e+00  1.30450000e-08  1.79996551e+00 
 1.30550000e-08  1.80000000e+00  1.30550000e-08  1.79996581e+00 
 1.30650000e-08  1.80000000e+00  1.30650000e-08  1.79996579e+00 
 1.30750000e-08  1.80000000e+00  1.30750000e-08  1.79996608e+00 
 1.30850000e-08  1.80000000e+00  1.30850000e-08  1.79996607e+00 
 1.30950000e-08  1.80000000e+00  1.30950000e-08  1.79996635e+00 
 1.31050000e-08  1.80000000e+00  1.31050000e-08  1.79996634e+00 
 1.31150000e-08  1.80000000e+00  1.31150000e-08  1.79996662e+00 
 1.31250000e-08  1.80000000e+00  1.31250000e-08  1.79996660e+00 
 1.31350000e-08  1.80000000e+00  1.31350000e-08  1.79996688e+00 
 1.31450000e-08  1.80000000e+00  1.31450000e-08  1.79996686e+00 
 1.31550000e-08  1.80000000e+00  1.31550000e-08  1.79996714e+00 
 1.31650000e-08  1.80000000e+00  1.31650000e-08  1.79996712e+00 
 1.31750000e-08  1.80000000e+00  1.31750000e-08  1.79996740e+00 
 1.31850000e-08  1.80000000e+00  1.31850000e-08  1.79996738e+00 
 1.31950000e-08  1.80000000e+00  1.31950000e-08  1.79996765e+00 
 1.32050000e-08  1.80000000e+00  1.32050000e-08  1.79996763e+00 
 1.32150000e-08  1.80000000e+00  1.32150000e-08  1.79996789e+00 
 1.32250000e-08  1.80000000e+00  1.32250000e-08  1.79996787e+00 
 1.32350000e-08  1.80000000e+00  1.32350000e-08  1.79996814e+00 
 1.32450000e-08  1.80000000e+00  1.32450000e-08  1.79996812e+00 
 1.32550000e-08  1.80000000e+00  1.32550000e-08  1.79996838e+00 
 1.32650000e-08  1.80000000e+00  1.32650000e-08  1.79996836e+00 
 1.32750000e-08  1.80000000e+00  1.32750000e-08  1.79996861e+00 
 1.32850000e-08  1.80000000e+00  1.32850000e-08  1.79996859e+00 
 1.32950000e-08  1.80000000e+00  1.32950000e-08  1.79996885e+00 
 1.33050000e-08  1.80000000e+00  1.33050000e-08  1.79996883e+00 
 1.33150000e-08  1.80000000e+00  1.33150000e-08  1.79996908e+00 
 1.33250000e-08  1.80000000e+00  1.33250000e-08  1.79996905e+00 
 1.33350000e-08  1.80000000e+00  1.33350000e-08  1.79996930e+00 
 1.33450000e-08  1.80000000e+00  1.33450000e-08  1.79996928e+00 
 1.33550000e-08  1.80000000e+00  1.33550000e-08  1.79996953e+00 
 1.33650000e-08  1.80000000e+00  1.33650000e-08  1.79996950e+00 
 1.33750000e-08  1.80000000e+00  1.33750000e-08  1.79996975e+00 
 1.33850000e-08  1.80000000e+00  1.33850000e-08  1.79996972e+00 
 1.33950000e-08  1.80000000e+00  1.33950000e-08  1.79996996e+00 
 1.34050000e-08  1.80000000e+00  1.34050000e-08  1.79996994e+00 
 1.34150000e-08  1.80000000e+00  1.34150000e-08  1.79997018e+00 
 1.34250000e-08  1.80000000e+00  1.34250000e-08  1.79997015e+00 
 1.34350000e-08  1.80000000e+00  1.34350000e-08  1.79997039e+00 
 1.34450000e-08  1.80000000e+00  1.34450000e-08  1.79997037e+00 
 1.34550000e-08  1.80000000e+00  1.34550000e-08  1.79997060e+00 
 1.34650000e-08  1.80000000e+00  1.34650000e-08  1.79997057e+00 
 1.34750000e-08  1.80000000e+00  1.34750000e-08  1.79997080e+00 
 1.34850000e-08  1.80000000e+00  1.34850000e-08  1.79997078e+00 
 1.34950000e-08  1.80000000e+00  1.34950000e-08  1.79997100e+00 
 1.35050000e-08  1.80000000e+00  1.35050000e-08  1.79997098e+00 
 1.35150000e-08  1.80000000e+00  1.35150000e-08  1.79997120e+00 
 1.35250000e-08  1.80000000e+00  1.35250000e-08  1.79997118e+00 
 1.35350000e-08  1.80000000e+00  1.35350000e-08  1.79997140e+00 
 1.35450000e-08  1.80000000e+00  1.35450000e-08  1.79997138e+00 
 1.35550000e-08  1.80000000e+00  1.35550000e-08  1.79997160e+00 
 1.35650000e-08  1.80000000e+00  1.35650000e-08  1.79997157e+00 
 1.35750000e-08  1.80000000e+00  1.35750000e-08  1.79997179e+00 
 1.35850000e-08  1.80000000e+00  1.35850000e-08  1.79997176e+00 
 1.35950000e-08  1.80000000e+00  1.35950000e-08  1.79997198e+00 
 1.36050000e-08  1.80000000e+00  1.36050000e-08  1.79997195e+00 
 1.36150000e-08  1.80000000e+00  1.36150000e-08  1.79997217e+00 
 1.36250000e-08  1.80000000e+00  1.36250000e-08  1.79997214e+00 
 1.36350000e-08  1.80000000e+00  1.36350000e-08  1.79997235e+00 
 1.36450000e-08  1.80000000e+00  1.36450000e-08  1.79997233e+00 
 1.36550000e-08  1.80000000e+00  1.36550000e-08  1.79997253e+00 
 1.36650000e-08  1.80000000e+00  1.36650000e-08  1.79997251e+00 
 1.36750000e-08  1.80000000e+00  1.36750000e-08  1.79997271e+00 
 1.36850000e-08  1.80000000e+00  1.36850000e-08  1.79997269e+00 
 1.36950000e-08  1.80000000e+00  1.36950000e-08  1.79997289e+00 
 1.37050000e-08  1.80000000e+00  1.37050000e-08  1.79997287e+00 
 1.37150000e-08  1.80000000e+00  1.37150000e-08  1.79997307e+00 
 1.37250000e-08  1.80000000e+00  1.37250000e-08  1.79997304e+00 
 1.37350000e-08  1.80000000e+00  1.37350000e-08  1.79997324e+00 
 1.37450000e-08  1.80000000e+00  1.37450000e-08  1.79997321e+00 
 1.37550000e-08  1.80000000e+00  1.37550000e-08  1.79997341e+00 
 1.37650000e-08  1.80000000e+00  1.37650000e-08  1.79997339e+00 
 1.37750000e-08  1.80000000e+00  1.37750000e-08  1.79997358e+00 
 1.37850000e-08  1.80000000e+00  1.37850000e-08  1.79997355e+00 
 1.37950000e-08  1.80000000e+00  1.37950000e-08  1.79997375e+00 
 1.38050000e-08  1.80000000e+00  1.38050000e-08  1.79997372e+00 
 1.38150000e-08  1.80000000e+00  1.38150000e-08  1.79997391e+00 
 1.38250000e-08  1.80000000e+00  1.38250000e-08  1.79997389e+00 
 1.38350000e-08  1.80000000e+00  1.38350000e-08  1.79997407e+00 
 1.38450000e-08  1.80000000e+00  1.38450000e-08  1.79997405e+00 
 1.38550000e-08  1.80000000e+00  1.38550000e-08  1.79997423e+00 
 1.38650000e-08  1.80000000e+00  1.38650000e-08  1.79997421e+00 
 1.38750000e-08  1.80000000e+00  1.38750000e-08  1.79997439e+00 
 1.38850000e-08  1.80000000e+00  1.38850000e-08  1.79997437e+00 
 1.38950000e-08  1.80000000e+00  1.38950000e-08  1.79997455e+00 
 1.39050000e-08  1.80000000e+00  1.39050000e-08  1.79997453e+00 
 1.39150000e-08  1.80000000e+00  1.39150000e-08  1.79997471e+00 
 1.39250000e-08  1.80000000e+00  1.39250000e-08  1.79997468e+00 
 1.39350000e-08  1.80000000e+00  1.39350000e-08  1.79997486e+00 
 1.39450000e-08  1.80000000e+00  1.39450000e-08  1.79997484e+00 
 1.39550000e-08  1.80000000e+00  1.39550000e-08  1.79997501e+00 
 1.39650000e-08  1.80000000e+00  1.39650000e-08  1.79997499e+00 
 1.39750000e-08  1.80000000e+00  1.39750000e-08  1.79997516e+00 
 1.39850000e-08  1.80000000e+00  1.39850000e-08  1.79997514e+00 
 1.39950000e-08  1.80000000e+00  1.39950000e-08  1.79997531e+00 
 1.40050000e-08  1.80000000e+00  1.40050000e-08  1.79997528e+00 
 1.40150000e-08  1.80000000e+00  1.40150000e-08  1.79997546e+00 
 1.40250000e-08  1.80000000e+00  1.40250000e-08  1.79997543e+00 
 1.40350000e-08  1.80000000e+00  1.40350000e-08  1.79997560e+00 
 1.40450000e-08  1.80000000e+00  1.40450000e-08  1.79997558e+00 
 1.40550000e-08  1.80000000e+00  1.40550000e-08  1.79997574e+00 
 1.40650000e-08  1.80000000e+00  1.40650000e-08  1.79997572e+00 
 1.40750000e-08  1.80000000e+00  1.40750000e-08  1.79997588e+00 
 1.40850000e-08  1.80000000e+00  1.40850000e-08  1.79997586e+00 
 1.40950000e-08  1.80000000e+00  1.40950000e-08  1.79997602e+00 
 1.41050000e-08  1.80000000e+00  1.41050000e-08  1.79997600e+00 
 1.41150000e-08  1.80000000e+00  1.41150000e-08  1.79997616e+00 
 1.41250000e-08  1.80000000e+00  1.41250000e-08  1.79997614e+00 
 1.41350000e-08  1.80000000e+00  1.41350000e-08  1.79997630e+00 
 1.41450000e-08  1.80000000e+00  1.41450000e-08  1.79997628e+00 
 1.41550000e-08  1.80000000e+00  1.41550000e-08  1.79997643e+00 
 1.41650000e-08  1.80000000e+00  1.41650000e-08  1.79997641e+00 
 1.41750000e-08  1.80000000e+00  1.41750000e-08  1.79997657e+00 
 1.41850000e-08  1.80000000e+00  1.41850000e-08  1.79997654e+00 
 1.41950000e-08  1.80000000e+00  1.41950000e-08  1.79997670e+00 
 1.42050000e-08  1.80000000e+00  1.42050000e-08  1.79997668e+00 
 1.42150000e-08  1.80000000e+00  1.42150000e-08  1.79997683e+00 
 1.42250000e-08  1.80000000e+00  1.42250000e-08  1.79997681e+00 
 1.42350000e-08  1.80000000e+00  1.42350000e-08  1.79997696e+00 
 1.42450000e-08  1.80000000e+00  1.42450000e-08  1.79997694e+00 
 1.42550000e-08  1.80000000e+00  1.42550000e-08  1.79997709e+00 
 1.42650000e-08  1.80000000e+00  1.42650000e-08  1.79997707e+00 
 1.42750000e-08  1.80000000e+00  1.42750000e-08  1.79997722e+00 
 1.42850000e-08  1.80000000e+00  1.42850000e-08  1.79997719e+00 
 1.42950000e-08  1.80000000e+00  1.42950000e-08  1.79997734e+00 
 1.43050000e-08  1.80000000e+00  1.43050000e-08  1.79997732e+00 
 1.43150000e-08  1.80000000e+00  1.43150000e-08  1.79997746e+00 
 1.43250000e-08  1.80000000e+00  1.43250000e-08  1.79997744e+00 
 1.43350000e-08  1.80000000e+00  1.43350000e-08  1.79997759e+00 
 1.43450000e-08  1.80000000e+00  1.43450000e-08  1.79997756e+00 
 1.43550000e-08  1.80000000e+00  1.43550000e-08  1.79997771e+00 
 1.43650000e-08  1.80000000e+00  1.43650000e-08  1.79997769e+00 
 1.43750000e-08  1.80000000e+00  1.43750000e-08  1.79997783e+00 
 1.43850000e-08  1.80000000e+00  1.43850000e-08  1.79997781e+00 
 1.43950000e-08  1.80000000e+00  1.43950000e-08  1.79997795e+00 
 1.44050000e-08  1.80000000e+00  1.44050000e-08  1.79997792e+00 
 1.44150000e-08  1.80000000e+00  1.44150000e-08  1.79997807e+00 
 1.44250000e-08  1.80000000e+00  1.44250000e-08  1.79997804e+00 
 1.44350000e-08  1.80000000e+00  1.44350000e-08  1.79997818e+00 
 1.44450000e-08  1.80000000e+00  1.44450000e-08  1.79997816e+00 
 1.44550000e-08  1.80000000e+00  1.44550000e-08  1.79997830e+00 
 1.44650000e-08  1.80000000e+00  1.44650000e-08  1.79997827e+00 
 1.44750000e-08  1.80000000e+00  1.44750000e-08  1.79997841e+00 
 1.44850000e-08  1.80000000e+00  1.44850000e-08  1.79997839e+00 
 1.44950000e-08  1.80000000e+00  1.44950000e-08  1.79997852e+00 
 1.45050000e-08  1.80000000e+00  1.45050000e-08  1.79997850e+00 
 1.45150000e-08  1.80000000e+00  1.45150000e-08  1.79997864e+00 
 1.45250000e-08  1.80000000e+00  1.45250000e-08  1.79997861e+00 
 1.45350000e-08  1.80000000e+00  1.45350000e-08  1.79997875e+00 
 1.45450000e-08  1.80000000e+00  1.45450000e-08  1.79997872e+00 
 1.45550000e-08  1.80000000e+00  1.45550000e-08  1.79997886e+00 
 1.45650000e-08  1.80000000e+00  1.45650000e-08  1.79997883e+00 
 1.45750000e-08  1.80000000e+00  1.45750000e-08  1.79997896e+00 
 1.45850000e-08  1.80000000e+00  1.45850000e-08  1.79997894e+00 
 1.45950000e-08  1.80000000e+00  1.45950000e-08  1.79997907e+00 
 1.46050000e-08  1.80000000e+00  1.46050000e-08  1.79997905e+00 
 1.46150000e-08  1.80000000e+00  1.46150000e-08  1.79997918e+00 
 1.46250000e-08  1.80000000e+00  1.46250000e-08  1.79997916e+00 
 1.46350000e-08  1.80000000e+00  1.46350000e-08  1.79997928e+00 
 1.46450000e-08  1.80000000e+00  1.46450000e-08  1.79997926e+00 
 1.46550000e-08  1.80000000e+00  1.46550000e-08  1.79997939e+00 
 1.46650000e-08  1.80000000e+00  1.46650000e-08  1.79997936e+00 
 1.46750000e-08  1.80000000e+00  1.46750000e-08  1.79997949e+00 
 1.46850000e-08  1.80000000e+00  1.46850000e-08  1.79997947e+00 
 1.46950000e-08  1.80000000e+00  1.46950000e-08  1.79997959e+00 
 1.47050000e-08  1.80000000e+00  1.47050000e-08  1.79997957e+00 
 1.47150000e-08  1.80000000e+00  1.47150000e-08  1.79997969e+00 
 1.47250000e-08  1.80000000e+00  1.47250000e-08  1.79997967e+00 
 1.47350000e-08  1.80000000e+00  1.47350000e-08  1.79997979e+00 
 1.47450000e-08  1.80000000e+00  1.47450000e-08  1.79997977e+00 
 1.47550000e-08  1.80000000e+00  1.47550000e-08  1.79997989e+00 
 1.47650000e-08  1.80000000e+00  1.47650000e-08  1.79997987e+00 
 1.47750000e-08  1.80000000e+00  1.47750000e-08  1.79997999e+00 
 1.47850000e-08  1.80000000e+00  1.47850000e-08  1.79997997e+00 
 1.47950000e-08  1.80000000e+00  1.47950000e-08  1.79998009e+00 
 1.48050000e-08  1.80000000e+00  1.48050000e-08  1.79998007e+00 
 1.48150000e-08  1.80000000e+00  1.48150000e-08  1.79998018e+00 
 1.48250000e-08  1.80000000e+00  1.48250000e-08  1.79998016e+00 
 1.48350000e-08  1.80000000e+00  1.48350000e-08  1.79998028e+00 
 1.48450000e-08  1.80000000e+00  1.48450000e-08  1.79998026e+00 
 1.48550000e-08  1.80000000e+00  1.48550000e-08  1.79998037e+00 
 1.48650000e-08  1.80000000e+00  1.48650000e-08  1.79998035e+00 
 1.48750000e-08  1.80000000e+00  1.48750000e-08  1.79998047e+00 
 1.48850000e-08  1.80000000e+00  1.48850000e-08  1.79998045e+00 
 1.48950000e-08  1.80000000e+00  1.48950000e-08  1.79998056e+00 
 1.49050000e-08  1.80000000e+00  1.49050000e-08  1.79998054e+00 
 1.49150000e-08  1.80000000e+00  1.49150000e-08  1.79998065e+00 
 1.49250000e-08  1.80000000e+00  1.49250000e-08  1.79998063e+00 
 1.49350000e-08  1.80000000e+00  1.49350000e-08  1.79998074e+00 
 1.49450000e-08  1.80000000e+00  1.49450000e-08  1.79998072e+00 
 1.49550000e-08  1.80000000e+00  1.49550000e-08  1.79998083e+00 
 1.49650000e-08  1.80000000e+00  1.49650000e-08  1.79998081e+00 
 1.49750000e-08  1.80000000e+00  1.49750000e-08  1.79998092e+00 
 1.49850000e-08  1.80000000e+00  1.49850000e-08  1.79998090e+00 
 1.49950000e-08  1.80000000e+00  1.49950000e-08  1.79998101e+00 
 1.50000000e-08  1.80000000e+00  1.50000000e-08  1.79998097e+00 
