 0.00000000e+00  0.00000000e+00  0.00000000e+00  1.79999998e+00 
 1.00000000e-13  3.60000000e-04  1.00000000e-13  1.80012755e+00 
 2.00000000e-13  7.20000000e-04  2.00000000e-13  1.80023901e+00 
 4.00000000e-13  1.44000000e-03  4.00000000e-13  1.80045791e+00 
 8.00000000e-13  2.88000000e-03  8.00000000e-13  1.80089235e+00 
 1.60000000e-12  5.76000000e-03  1.60000000e-12  1.80175415e+00 
 3.20000000e-12  1.15200000e-02  3.20000000e-12  1.80342448e+00 
 6.40000000e-12  2.30400000e-02  6.40000000e-12  1.80649235e+00 
 1.28000000e-11  4.60800000e-02  1.28000000e-11  1.81148039e+00 
 2.28000000e-11  8.20800000e-02  2.28000000e-11  1.81680383e+00 
 3.28000000e-11  1.18080000e-01  3.28000000e-11  1.82007737e+00 
 4.28000000e-11  1.54080000e-01  4.28000000e-11  1.82214919e+00 
 5.28000000e-11  1.90080000e-01  5.28000000e-11  1.82351461e+00 
 6.28000000e-11  2.26080000e-01  6.28000000e-11  1.82447270e+00 
 7.28000000e-11  2.62080000e-01  7.28000000e-11  1.82520073e+00 
 8.28000000e-11  2.98080000e-01  8.28000000e-11  1.82580930e+00 
 9.28000000e-11  3.34080000e-01  9.28000000e-11  1.82636507e+00 
 1.02800000e-10  3.70080000e-01  1.02800000e-10  1.82691307e+00 
 1.12800000e-10  4.06080000e-01  1.12800000e-10  1.82748044e+00 
 1.22800000e-10  4.42080000e-01  1.22800000e-10  1.82808620e+00 
 1.32800000e-10  4.78080000e-01  1.32800000e-10  1.82873484e+00 
 1.42800000e-10  5.14080000e-01  1.42800000e-10  1.82941401e+00 
 1.52800000e-10  5.50080000e-01  1.52800000e-10  1.83006979e+00 
 1.62800000e-10  5.86080000e-01  1.62800000e-10  1.83057509e+00 
 1.72800000e-10  6.22080000e-01  1.72800000e-10  1.83066771e+00 
 1.82800000e-10  6.58080000e-01  1.82800000e-10  1.82989109e+00 
 1.92800000e-10  6.94080000e-01  1.92800000e-10  1.82754777e+00 
 2.02800000e-10  7.30080000e-01  2.02800000e-10  1.82270980e+00 
 2.12800000e-10  7.66080000e-01  2.12800000e-10  1.81424100e+00 
 2.22800000e-10  8.02080000e-01  2.22800000e-10  1.80161163e+00 
 2.32800000e-10  8.38080000e-01  2.32800000e-10  1.78364590e+00 
 2.42800000e-10  8.74080000e-01  2.42800000e-10  1.75749825e+00 
 2.52800000e-10  9.10080000e-01  2.52800000e-10  1.71928769e+00 
 2.62800000e-10  9.46080000e-01  2.62800000e-10  1.66036799e+00 
 2.72800000e-10  9.82080000e-01  2.72800000e-10  1.57233302e+00 
 2.82800000e-10  1.01808000e+00  2.82800000e-10  1.45702893e+00 
 2.92800000e-10  1.05408000e+00  2.92800000e-10  1.31724908e+00 
 3.02800000e-10  1.09008000e+00  3.02800000e-10  1.15447073e+00 
 3.12800000e-10  1.12608000e+00  3.12800000e-10  9.70215044e-01 
 3.22800000e-10  1.16208000e+00  3.22800000e-10  7.66815567e-01 
 3.32800000e-10  1.19808000e+00  3.32800000e-10  5.48609804e-01 
 3.42800000e-10  1.23408000e+00  3.42800000e-10  3.30425843e-01 
 3.52800000e-10  1.27008000e+00  3.52800000e-10  1.67895658e-01 
 3.62800000e-10  1.30608000e+00  3.62800000e-10  7.89659408e-02 
 3.72800000e-10  1.34208000e+00  3.72800000e-10  3.82810874e-02 
 3.82800000e-10  1.37808000e+00  3.82800000e-10  2.13107413e-02 
 3.92800000e-10  1.41408000e+00  3.92800000e-10  1.44344213e-02 
 4.02800000e-10  1.45008000e+00  4.02800000e-10  1.14654324e-02 
 4.12800000e-10  1.48608000e+00  4.12800000e-10  1.00571492e-02 
 4.22800000e-10  1.52208000e+00  4.22800000e-10  9.25044421e-03 
 4.32800000e-10  1.55808000e+00  4.32800000e-10  8.73269371e-03 
 4.42800000e-10  1.59408000e+00  4.42800000e-10  8.33738743e-03 
 4.52800000e-10  1.63008000e+00  4.52800000e-10  8.04405989e-03 
 4.62800000e-10  1.66608000e+00  4.62800000e-10  7.79468804e-03 
 4.72800000e-10  1.70208000e+00  4.72800000e-10  7.60581371e-03 
 4.82800000e-10  1.73808000e+00  4.82800000e-10  7.43675182e-03 
 4.92800000e-10  1.77408000e+00  4.92800000e-10  7.31064778e-03 
 5.00000000e-10  1.80000000e+00  5.00000000e-10  7.22130594e-03 
 5.01000000e-10  1.80000000e+00  5.01000000e-10  6.52637806e-03 
 5.03000000e-10  1.80000000e+00  5.03000000e-10  5.26448603e-03 
 5.07000000e-10  1.80000000e+00  5.07000000e-10  3.36993063e-03 
 5.15000000e-10  1.80000000e+00  5.15000000e-10  1.31763285e-03 
 5.25000000e-10  1.80000000e+00  5.25000000e-10  3.94560292e-04 
 5.35000000e-10  1.80000000e+00  5.35000000e-10  1.23313411e-04 
 5.45000000e-10  1.80000000e+00  5.45000000e-10  4.22934422e-05 
 5.55000000e-10  1.80000000e+00  5.55000000e-10  1.58447299e-05 
 5.65000000e-10  1.80000000e+00  5.65000000e-10  7.29707581e-06 
 5.75000000e-10  1.80000000e+00  5.75000000e-10  3.43918229e-06 
 5.85000000e-10  1.80000000e+00  5.85000000e-10  2.30327495e-06 
 5.95000000e-10  1.80000000e+00  5.95000000e-10  1.23215529e-06 
 6.05000000e-10  1.80000000e+00  6.05000000e-10  1.23824751e-06 
 6.15000000e-10  1.80000000e+00  6.15000000e-10  7.22131662e-07 
 6.25000000e-10  1.80000000e+00  6.25000000e-10  9.31666217e-07 
 6.35000000e-10  1.80000000e+00  6.35000000e-10  5.52211841e-07 
 6.45000000e-10  1.80000000e+00  6.45000000e-10  8.28491983e-07 
 6.55000000e-10  1.80000000e+00  6.55000000e-10  4.99021257e-07 
 6.65000000e-10  1.80000000e+00  6.65000000e-10  7.92988466e-07 
 6.75000000e-10  1.80000000e+00  6.75000000e-10  4.83721601e-07 
 6.85000000e-10  1.80000000e+00  6.85000000e-10  7.79462882e-07 
 6.95000000e-10  1.80000000e+00  6.95000000e-10  4.80515854e-07 
 7.05000000e-10  1.80000000e+00  7.05000000e-10  7.73066548e-07 
 7.15000000e-10  1.80000000e+00  7.15000000e-10  4.81128505e-07 
 7.25000000e-10  1.80000000e+00  7.25000000e-10  7.69013250e-07 
 7.35000000e-10  1.80000000e+00  7.35000000e-10  4.82920566e-07 
 7.45000000e-10  1.80000000e+00  7.45000000e-10  7.65760795e-07 
 7.55000000e-10  1.80000000e+00  7.55000000e-10  4.84999695e-07 
 7.65000000e-10  1.80000000e+00  7.65000000e-10  7.62756343e-07 
 7.75000000e-10  1.80000000e+00  7.75000000e-10  4.87278549e-07 
 7.85000000e-10  1.80000000e+00  7.85000000e-10  7.60032915e-07 
 7.95000000e-10  1.80000000e+00  7.95000000e-10  4.89423933e-07 
 8.05000000e-10  1.80000000e+00  8.05000000e-10  7.57238241e-07 
 8.15000000e-10  1.80000000e+00  8.15000000e-10  4.91589075e-07 
 8.25000000e-10  1.80000000e+00  8.25000000e-10  7.54602850e-07 
 8.35000000e-10  1.80000000e+00  8.35000000e-10  4.93722745e-07 
 8.45000000e-10  1.80000000e+00  8.45000000e-10  7.52020048e-07 
 8.55000000e-10  1.80000000e+00  8.55000000e-10  4.95803420e-07 
 8.65000000e-10  1.80000000e+00  8.65000000e-10  7.49488171e-07 
 8.75000000e-10  1.80000000e+00  8.75000000e-10  4.97835699e-07 
 8.85000000e-10  1.80000000e+00  8.85000000e-10  7.20557380e-07 
 8.95000000e-10  1.80000000e+00  8.95000000e-10  4.64705866e-07 
 9.05000000e-10  1.80000000e+00  9.05000000e-10  7.33781572e-07 
 9.15000000e-10  1.80000000e+00  9.15000000e-10  4.98502518e-07 
 9.25000000e-10  1.80000000e+00  9.25000000e-10  7.14891071e-07 
 9.35000000e-10  1.80000000e+00  9.35000000e-10  4.68698428e-07 
 9.45000000e-10  1.80000000e+00  9.45000000e-10  7.03377335e-07 
 9.55000000e-10  1.80000000e+00  9.55000000e-10  4.68158020e-07 
 9.65000000e-10  1.80000000e+00  9.65000000e-10  7.00347390e-07 
 9.75000000e-10  1.80000000e+00  9.75000000e-10  4.70005956e-07 
 9.85000000e-10  1.80000000e+00  9.85000000e-10  6.98236158e-07 
 9.95000000e-10  1.80000000e+00  9.95000000e-10  4.72005269e-07 
 1.00500000e-09  1.80000000e+00  1.00500000e-09  6.96249718e-07 
 1.01500000e-09  1.80000000e+00  1.01500000e-09  4.73964066e-07 
 1.02500000e-09  1.80000000e+00  1.02500000e-09  6.94316730e-07 
 1.03500000e-09  1.80000000e+00  1.03500000e-09  4.75876082e-07 
 1.04500000e-09  1.80000000e+00  1.04500000e-09  6.92427731e-07 
 1.05500000e-09  1.80000000e+00  1.05500000e-09  4.77744980e-07 
 1.06500000e-09  1.80000000e+00  1.06500000e-09  6.90579875e-07 
 1.07500000e-09  1.80000000e+00  1.07500000e-09  4.79573236e-07 
 1.08500000e-09  1.80000000e+00  1.08500000e-09  6.88771559e-07 
 1.09500000e-09  1.80000000e+00  1.09500000e-09  4.81362429e-07 
 1.10500000e-09  1.80000000e+00  1.10500000e-09  6.87001602e-07 
 1.11500000e-09  1.80000000e+00  1.11500000e-09  4.83113725e-07 
 1.12500000e-09  1.80000000e+00  1.12500000e-09  6.85268993e-07 
 1.13500000e-09  1.80000000e+00  1.13500000e-09  4.84828121e-07 
 1.14500000e-09  1.80000000e+00  1.14500000e-09  6.83572809e-07 
 1.15500000e-09  1.80000000e+00  1.15500000e-09  4.86506525e-07 
 1.16500000e-09  1.80000000e+00  1.16500000e-09  6.81912174e-07 
 1.17500000e-09  1.80000000e+00  1.17500000e-09  4.88149799e-07 
 1.18500000e-09  1.80000000e+00  1.18500000e-09  6.80286247e-07 
 1.19500000e-09  1.80000000e+00  1.19500000e-09  4.89758772e-07 
 1.20500000e-09  1.80000000e+00  1.20500000e-09  6.78694209e-07 
 1.21500000e-09  1.80000000e+00  1.21500000e-09  4.91334254e-07 
 1.22500000e-09  1.80000000e+00  1.22500000e-09  6.77135268e-07 
 1.23500000e-09  1.80000000e+00  1.23500000e-09  4.92877026e-07 
 1.24500000e-09  1.80000000e+00  1.24500000e-09  6.75608647e-07 
 1.25500000e-09  1.80000000e+00  1.25500000e-09  4.94387854e-07 
 1.26500000e-09  1.80000000e+00  1.26500000e-09  6.74113595e-07 
 1.27500000e-09  1.80000000e+00  1.27500000e-09  4.95867484e-07 
 1.28500000e-09  1.80000000e+00  1.28500000e-09  6.72649374e-07 
 1.29500000e-09  1.80000000e+00  1.29500000e-09  4.97316639e-07 
 1.30500000e-09  1.80000000e+00  1.30500000e-09  6.71215268e-07 
 1.31500000e-09  1.80000000e+00  1.31500000e-09  4.98736030e-07 
 1.32500000e-09  1.80000000e+00  1.32500000e-09  6.69810577e-07 
 1.33500000e-09  1.80000000e+00  1.33500000e-09  5.00126347e-07 
 1.34500000e-09  1.80000000e+00  1.34500000e-09  6.68434619e-07 
 1.35500000e-09  1.80000000e+00  1.35500000e-09  5.01488262e-07 
 1.36500000e-09  1.80000000e+00  1.36500000e-09  6.67086730e-07 
 1.37500000e-09  1.80000000e+00  1.37500000e-09  5.02822434e-07 
 1.38500000e-09  1.80000000e+00  1.38500000e-09  6.65766262e-07 
 1.39500000e-09  1.80000000e+00  1.39500000e-09  5.04129500e-07 
 1.40500000e-09  1.80000000e+00  1.40500000e-09  6.64472581e-07 
 1.41500000e-09  1.80000000e+00  1.41500000e-09  5.05410089e-07 
 1.42500000e-09  1.80000000e+00  1.42500000e-09  6.63205072e-07 
 1.43500000e-09  1.80000000e+00  1.43500000e-09  5.06664807e-07 
 1.44500000e-09  1.80000000e+00  1.44500000e-09  6.61963133e-07 
 1.45500000e-09  1.80000000e+00  1.45500000e-09  5.07894248e-07 
 1.46500000e-09  1.80000000e+00  1.46500000e-09  6.60746177e-07 
 1.47500000e-09  1.80000000e+00  1.47500000e-09  5.09098992e-07 
 1.48500000e-09  1.80000000e+00  1.48500000e-09  6.59553632e-07 
 1.49500000e-09  1.80000000e+00  1.49500000e-09  5.10279604e-07 
 1.50500000e-09  1.80000000e+00  1.50500000e-09  6.58384939e-07 
 1.51500000e-09  1.80000000e+00  1.51500000e-09  5.11436635e-07 
 1.52500000e-09  1.80000000e+00  1.52500000e-09  6.57239557e-07 
 1.53500000e-09  1.80000000e+00  1.53500000e-09  5.12570623e-07 
 1.54500000e-09  1.80000000e+00  1.54500000e-09  6.56116952e-07 
 1.55500000e-09  1.80000000e+00  1.55500000e-09  5.13682093e-07 
 1.56500000e-09  1.80000000e+00  1.56500000e-09  6.55016606e-07 
 1.57500000e-09  1.80000000e+00  1.57500000e-09  5.14771554e-07 
 1.58500000e-09  1.80000000e+00  1.58500000e-09  6.53938016e-07 
 1.59500000e-09  1.80000000e+00  1.59500000e-09  5.15839508e-07 
 1.60500000e-09  1.80000000e+00  1.60500000e-09  6.52880688e-07 
 1.61500000e-09  1.80000000e+00  1.61500000e-09  5.16886440e-07 
 1.62500000e-09  1.80000000e+00  1.62500000e-09  6.51844142e-07 
 1.63500000e-09  1.80000000e+00  1.63500000e-09  5.17912826e-07 
 1.64500000e-09  1.80000000e+00  1.64500000e-09  6.50827907e-07 
 1.65500000e-09  1.80000000e+00  1.65500000e-09  5.18919127e-07 
 1.66500000e-09  1.80000000e+00  1.66500000e-09  6.49831526e-07 
 1.67500000e-09  1.80000000e+00  1.67500000e-09  5.19905798e-07 
 1.68500000e-09  1.80000000e+00  1.68500000e-09  6.48854553e-07 
 1.69500000e-09  1.80000000e+00  1.69500000e-09  5.20873279e-07 
 1.70500000e-09  1.80000000e+00  1.70500000e-09  6.47896553e-07 
 1.71500000e-09  1.80000000e+00  1.71500000e-09  5.21822000e-07 
 1.72500000e-09  1.80000000e+00  1.72500000e-09  6.46957101e-07 
 1.73500000e-09  1.80000000e+00  1.73500000e-09  5.22752381e-07 
 1.74500000e-09  1.80000000e+00  1.74500000e-09  6.46035782e-07 
 1.75500000e-09  1.80000000e+00  1.75500000e-09  5.23664831e-07 
 1.76500000e-09  1.80000000e+00  1.76500000e-09  6.45132191e-07 
 1.77500000e-09  1.80000000e+00  1.77500000e-09  5.24411428e-07 
 1.78500000e-09  1.80000000e+00  1.78500000e-09  6.44186486e-07 
 1.79500000e-09  1.80000000e+00  1.79500000e-09  5.25565208e-07 
 1.80500000e-09  1.80000000e+00  1.80500000e-09  6.43426308e-07 
 1.81500000e-09  1.80000000e+00  1.81500000e-09  5.26174234e-07 
 1.82500000e-09  1.80000000e+00  1.82500000e-09  6.42470115e-07 
 1.83500000e-09  1.80000000e+00  1.83500000e-09  5.27272370e-07 
 1.84500000e-09  1.80000000e+00  1.84500000e-09  6.41736732e-07 
 1.85500000e-09  1.80000000e+00  1.85500000e-09  5.27849083e-07 
 1.86500000e-09  1.80000000e+00  1.86500000e-09  6.40813475e-07 
 1.87500000e-09  1.80000000e+00  1.87500000e-09  5.28912591e-07 
 1.88500000e-09  1.80000000e+00  1.88500000e-09  6.40110513e-07 
 1.89500000e-09  1.80000000e+00  1.89500000e-09  5.29460643e-07 
 1.90500000e-09  1.80000000e+00  1.90500000e-09  6.39218959e-07 
 1.91500000e-09  1.80000000e+00  1.91500000e-09  5.30491381e-07 
 1.92500000e-09  1.80000000e+00  1.92500000e-09  6.38545007e-07 
 1.93500000e-09  1.80000000e+00  1.93500000e-09  5.31012146e-07 
 1.94500000e-09  1.80000000e+00  1.94500000e-09  6.37683742e-07 
 1.95500000e-09  1.80000000e+00  1.95500000e-09  5.31871907e-07 
 1.96500000e-09  1.80000000e+00  1.96500000e-09  6.36981545e-07 
 1.97500000e-09  1.80000000e+00  1.97500000e-09  5.32628714e-07 
 1.98500000e-09  1.80000000e+00  1.98500000e-09  6.36252912e-07 
 1.99500000e-09  1.80000000e+00  1.99500000e-09  5.33356500e-07 
 2.00500000e-09  1.80000000e+00  2.00500000e-09  6.35534065e-07 
 2.01500000e-09  1.80000000e+00  2.01500000e-09  5.34069130e-07 
 2.02500000e-09  1.80000000e+00  2.02500000e-09  6.34828345e-07 
 2.03500000e-09  1.80000000e+00  2.03500000e-09  5.34768346e-07 
 2.04500000e-09  1.80000000e+00  2.04500000e-09  6.34135668e-07 
 2.05500000e-09  1.80000000e+00  2.05500000e-09  5.35454640e-07 
 2.06500000e-09  1.80000000e+00  2.06500000e-09  6.33455724e-07 
 2.07500000e-09  1.80000000e+00  2.07500000e-09  5.36128343e-07 
 2.08500000e-09  1.80000000e+00  2.08500000e-09  6.32788218e-07 
 2.09500000e-09  1.80000000e+00  2.09500000e-09  5.36789746e-07 
 2.10500000e-09  1.80000000e+00  2.10500000e-09  6.32132874e-07 
 2.11500000e-09  1.80000000e+00  2.11500000e-09  5.37439120e-07 
 2.12500000e-09  1.80000000e+00  2.12500000e-09  6.31489427e-07 
 2.13500000e-09  1.80000000e+00  2.13500000e-09  5.38076725e-07 
 2.14500000e-09  1.80000000e+00  2.14500000e-09  6.30857618e-07 
 2.15500000e-09  1.80000000e+00  2.15500000e-09  5.38702818e-07 
 2.16500000e-09  1.80000000e+00  2.16500000e-09  6.30237199e-07 
 2.17500000e-09  1.80000000e+00  2.17500000e-09  5.39317643e-07 
 2.18500000e-09  1.80000000e+00  2.18500000e-09  6.29627927e-07 
 2.19500000e-09  1.80000000e+00  2.19500000e-09  5.39921442e-07 
 2.20500000e-09  1.80000000e+00  2.20500000e-09  6.29029561e-07 
 2.21500000e-09  1.80000000e+00  2.21500000e-09  5.40514448e-07 
 2.22500000e-09  1.80000000e+00  2.22500000e-09  6.28441873e-07 
 2.23500000e-09  1.80000000e+00  2.23500000e-09  5.41096892e-07 
 2.24500000e-09  1.80000000e+00  2.24500000e-09  6.27864634e-07 
 2.25500000e-09  1.80000000e+00  2.25500000e-09  5.41668997e-07 
 2.26500000e-09  1.80000000e+00  2.26500000e-09  6.27297622e-07 
 2.27500000e-09  1.80000000e+00  2.27500000e-09  5.42230982e-07 
 2.28500000e-09  1.80000000e+00  2.28500000e-09  6.26740623e-07 
 2.29500000e-09  1.80000000e+00  2.29500000e-09  5.42783062e-07 
 2.30500000e-09  1.80000000e+00  2.30500000e-09  6.26193424e-07 
 2.31500000e-09  1.80000000e+00  2.31500000e-09  5.43325443e-07 
 2.32500000e-09  1.80000000e+00  2.32500000e-09  6.25655821e-07 
 2.33500000e-09  1.80000000e+00  2.33500000e-09  5.43858332e-07 
 2.34500000e-09  1.80000000e+00  2.34500000e-09  6.25127611e-07 
 2.35500000e-09  1.80000000e+00  2.35500000e-09  5.44381926e-07 
 2.36500000e-09  1.80000000e+00  2.36500000e-09  6.24608600e-07 
 2.37500000e-09  1.80000000e+00  2.37500000e-09  5.44896418e-07 
 2.38500000e-09  1.80000000e+00  2.38500000e-09  6.24098590e-07 
 2.39500000e-09  1.80000000e+00  2.39500000e-09  5.45402000e-07 
 2.40500000e-09  1.80000000e+00  2.40500000e-09  6.23597399e-07 
 2.41500000e-09  1.80000000e+00  2.41500000e-09  5.45898858e-07 
 2.42500000e-09  1.80000000e+00  2.42500000e-09  6.23104842e-07 
 2.43500000e-09  1.80000000e+00  2.43500000e-09  5.46387172e-07 
 2.44500000e-09  1.80000000e+00  2.44500000e-09  6.22620738e-07 
 2.45500000e-09  1.80000000e+00  2.45500000e-09  5.46867119e-07 
 2.46500000e-09  1.80000000e+00  2.46500000e-09  6.22144915e-07 
 2.47500000e-09  1.80000000e+00  2.47500000e-09  5.47338871e-07 
 2.48500000e-09  1.80000000e+00  2.48500000e-09  6.21677200e-07 
 2.49500000e-09  1.80000000e+00  2.49500000e-09  5.47802599e-07 
 2.50500000e-09  1.80000000e+00  2.50500000e-09  6.21217427e-07 
 2.51500000e-09  1.80000000e+00  2.51500000e-09  5.48258468e-07 
 2.52500000e-09  1.80000000e+00  2.52500000e-09  6.20765432e-07 
 2.53500000e-09  1.80000000e+00  2.53500000e-09  5.48706637e-07 
 2.54500000e-09  1.80000000e+00  2.54500000e-09  6.20321056e-07 
 2.55500000e-09  1.80000000e+00  2.55500000e-09  5.49147267e-07 
 2.56500000e-09  1.80000000e+00  2.56500000e-09  6.19884144e-07 
 2.57500000e-09  1.80000000e+00  2.57500000e-09  5.49580509e-07 
 2.58500000e-09  1.80000000e+00  2.58500000e-09  6.19454541e-07 
 2.59500000e-09  1.80000000e+00  2.59500000e-09  5.50006515e-07 
 2.60500000e-09  1.80000000e+00  2.60500000e-09  6.19032100e-07 
 2.61500000e-09  1.80000000e+00  2.61500000e-09  5.50425431e-07 
 2.62500000e-09  1.80000000e+00  2.62500000e-09  6.18616678e-07 
 2.63500000e-09  1.80000000e+00  2.63500000e-09  5.50837403e-07 
 2.64500000e-09  1.80000000e+00  2.64500000e-09  6.18208129e-07 
 2.65500000e-09  1.80000000e+00  2.65500000e-09  5.51242570e-07 
 2.66500000e-09  1.80000000e+00  2.66500000e-09  6.17806317e-07 
 2.67500000e-09  1.80000000e+00  2.67500000e-09  5.51641069e-07 
 2.68500000e-09  1.80000000e+00  2.68500000e-09  6.17411103e-07 
 2.69500000e-09  1.80000000e+00  2.69500000e-09  5.52033034e-07 
 2.70500000e-09  1.80000000e+00  2.70500000e-09  6.17022359e-07 
 2.71500000e-09  1.80000000e+00  2.71500000e-09  5.52418598e-07 
 2.72500000e-09  1.80000000e+00  2.72500000e-09  6.16639951e-07 
 2.73500000e-09  1.80000000e+00  2.73500000e-09  5.52797887e-07 
 2.74500000e-09  1.80000000e+00  2.74500000e-09  6.16263754e-07 
 2.75500000e-09  1.80000000e+00  2.75500000e-09  5.53171027e-07 
 2.76500000e-09  1.80000000e+00  2.76500000e-09  6.15893643e-07 
 2.77500000e-09  1.80000000e+00  2.77500000e-09  5.53538141e-07 
 2.78500000e-09  1.80000000e+00  2.78500000e-09  6.15529500e-07 
 2.79500000e-09  1.80000000e+00  2.79500000e-09  5.53899349e-07 
 2.80500000e-09  1.80000000e+00  2.80500000e-09  6.15171203e-07 
 2.81500000e-09  1.80000000e+00  2.81500000e-09  5.54254767e-07 
 2.82500000e-09  1.80000000e+00  2.82500000e-09  6.14818639e-07 
 2.83500000e-09  1.80000000e+00  2.83500000e-09  5.54604511e-07 
 2.84500000e-09  1.80000000e+00  2.84500000e-09  6.14471693e-07 
 2.85500000e-09  1.80000000e+00  2.85500000e-09  5.54948690e-07 
 2.86500000e-09  1.80000000e+00  2.86500000e-09  6.14130255e-07 
 2.87500000e-09  1.80000000e+00  2.87500000e-09  5.55287416e-07 
 2.88500000e-09  1.80000000e+00  2.88500000e-09  6.13794217e-07 
 2.89500000e-09  1.80000000e+00  2.89500000e-09  5.55620796e-07 
 2.90500000e-09  1.80000000e+00  2.90500000e-09  6.13463474e-07 
 2.91500000e-09  1.80000000e+00  2.91500000e-09  5.55948933e-07 
 2.92500000e-09  1.80000000e+00  2.92500000e-09  6.13137919e-07 
 2.93500000e-09  1.80000000e+00  2.93500000e-09  5.56271930e-07 
 2.94500000e-09  1.80000000e+00  2.94500000e-09  6.12817456e-07 
 2.95500000e-09  1.80000000e+00  2.95500000e-09  5.56589889e-07 
 2.96500000e-09  1.80000000e+00  2.96500000e-09  6.12501982e-07 
 2.97500000e-09  1.80000000e+00  2.97500000e-09  5.56902904e-07 
 2.98500000e-09  1.80000000e+00  2.98500000e-09  6.12191404e-07 
 2.99500000e-09  1.80000000e+00  2.99500000e-09  5.57211073e-07 
 3.00500000e-09  1.80000000e+00  3.00500000e-09  6.11885623e-07 
 3.01500000e-09  1.80000000e+00  3.01500000e-09  5.57514489e-07 
 3.02500000e-09  1.80000000e+00  3.02500000e-09  6.11584551e-07 
 3.03500000e-09  1.80000000e+00  3.03500000e-09  5.57813244e-07 
 3.04500000e-09  1.80000000e+00  3.04500000e-09  6.11288093e-07 
 3.05500000e-09  1.80000000e+00  3.05500000e-09  5.58107426e-07 
 3.06500000e-09  1.80000000e+00  3.06500000e-09  6.10996163e-07 
 3.07500000e-09  1.80000000e+00  3.07500000e-09  5.58397124e-07 
 3.08500000e-09  1.80000000e+00  3.08500000e-09  6.10708675e-07 
 3.09500000e-09  1.80000000e+00  3.09500000e-09  5.58682425e-07 
 3.10500000e-09  1.80000000e+00  3.10500000e-09  6.10425545e-07 
 3.11500000e-09  1.80000000e+00  3.11500000e-09  5.58963410e-07 
 3.12500000e-09  1.80000000e+00  3.12500000e-09  6.10146687e-07 
 3.13500000e-09  1.80000000e+00  3.13500000e-09  5.59240161e-07 
 3.14500000e-09  1.80000000e+00  3.14500000e-09  6.09872023e-07 
 3.15500000e-09  1.80000000e+00  3.15500000e-09  5.59512759e-07 
 3.16500000e-09  1.80000000e+00  3.16500000e-09  6.09601471e-07 
 3.17500000e-09  1.80000000e+00  3.17500000e-09  5.59781284e-07 
 3.18500000e-09  1.80000000e+00  3.18500000e-09  6.09334956e-07 
 3.19500000e-09  1.80000000e+00  3.19500000e-09  5.60045810e-07 
 3.20500000e-09  1.80000000e+00  3.20500000e-09  6.09072401e-07 
 3.21500000e-09  1.80000000e+00  3.21500000e-09  5.60306414e-07 
 3.22500000e-09  1.80000000e+00  3.22500000e-09  6.08813732e-07 
 3.23500000e-09  1.80000000e+00  3.23500000e-09  5.60563168e-07 
 3.24500000e-09  1.80000000e+00  3.24500000e-09  6.08558876e-07 
 3.25500000e-09  1.80000000e+00  3.25500000e-09  5.60816145e-07 
 3.26500000e-09  1.80000000e+00  3.26500000e-09  6.08307761e-07 
 3.27500000e-09  1.80000000e+00  3.27500000e-09  5.61065413e-07 
 3.28500000e-09  1.80000000e+00  3.28500000e-09  6.08060319e-07 
 3.29500000e-09  1.80000000e+00  3.29500000e-09  5.61311044e-07 
 3.30500000e-09  1.80000000e+00  3.30500000e-09  6.07816482e-07 
 3.31500000e-09  1.80000000e+00  3.31500000e-09  5.61553103e-07 
 3.32500000e-09  1.80000000e+00  3.32500000e-09  6.07576183e-07 
 3.33500000e-09  1.80000000e+00  3.33500000e-09  5.61791658e-07 
 3.34500000e-09  1.80000000e+00  3.34500000e-09  6.07339357e-07 
 3.35500000e-09  1.80000000e+00  3.35500000e-09  5.62026771e-07 
 3.36500000e-09  1.80000000e+00  3.36500000e-09  6.07105940e-07 
 3.37500000e-09  1.80000000e+00  3.37500000e-09  5.62258508e-07 
 3.38500000e-09  1.80000000e+00  3.38500000e-09  6.06875869e-07 
 3.39500000e-09  1.80000000e+00  3.39500000e-09  5.62486928e-07 
 3.40500000e-09  1.80000000e+00  3.40500000e-09  6.06649084e-07 
 3.41500000e-09  1.80000000e+00  3.41500000e-09  5.62712093e-07 
 3.42500000e-09  1.80000000e+00  3.42500000e-09  6.06425525e-07 
 3.43500000e-09  1.80000000e+00  3.43500000e-09  5.62934061e-07 
 3.44500000e-09  1.80000000e+00  3.44500000e-09  6.06205131e-07 
 3.45500000e-09  1.80000000e+00  3.45500000e-09  5.63152892e-07 
 3.46500000e-09  1.80000000e+00  3.46500000e-09  6.05987849e-07 
 3.47500000e-09  1.80000000e+00  3.47500000e-09  5.63368641e-07 
 3.48500000e-09  1.80000000e+00  3.48500000e-09  6.05773619e-07 
 3.49500000e-09  1.80000000e+00  3.49500000e-09  5.63581364e-07 
 3.50500000e-09  1.80000000e+00  3.50500000e-09  6.05562388e-07 
 3.51500000e-09  1.80000000e+00  3.51500000e-09  5.63791115e-07 
 3.52500000e-09  1.80000000e+00  3.52500000e-09  6.05354103e-07 
 3.53500000e-09  1.80000000e+00  3.53500000e-09  5.63997948e-07 
 3.54500000e-09  1.80000000e+00  3.54500000e-09  6.05148709e-07 
 3.55500000e-09  1.80000000e+00  3.55500000e-09  5.64201914e-07 
 3.56500000e-09  1.80000000e+00  3.56500000e-09  6.04946156e-07 
 3.57500000e-09  1.80000000e+00  3.57500000e-09  5.64403064e-07 
 3.58500000e-09  1.80000000e+00  3.58500000e-09  6.04746393e-07 
 3.59500000e-09  1.80000000e+00  3.59500000e-09  5.64601450e-07 
 3.60500000e-09  1.80000000e+00  3.60500000e-09  6.04549370e-07 
 3.61500000e-09  1.80000000e+00  3.61500000e-09  5.64797120e-07 
 3.62500000e-09  1.80000000e+00  3.62500000e-09  6.04355041e-07 
 3.63500000e-09  1.80000000e+00  3.63500000e-09  5.64990121e-07 
 3.64500000e-09  1.80000000e+00  3.64500000e-09  6.04163357e-07 
 3.65500000e-09  1.80000000e+00  3.65500000e-09  5.65180501e-07 
 3.66500000e-09  1.80000000e+00  3.66500000e-09  6.03974270e-07 
 3.67500000e-09  1.80000000e+00  3.67500000e-09  5.65368304e-07 
 3.68500000e-09  1.80000000e+00  3.68500000e-09  6.03787736e-07 
 3.69500000e-09  1.80000000e+00  3.69500000e-09  5.65553577e-07 
 3.70500000e-09  1.80000000e+00  3.70500000e-09  6.03603711e-07 
 3.71500000e-09  1.80000000e+00  3.71500000e-09  5.65736363e-07 
 3.72500000e-09  1.80000000e+00  3.72500000e-09  6.03422152e-07 
 3.73500000e-09  1.80000000e+00  3.73500000e-09  5.65916706e-07 
 3.74500000e-09  1.80000000e+00  3.74500000e-09  6.03243013e-07 
 3.75500000e-09  1.80000000e+00  3.75500000e-09  5.66094649e-07 
 3.76500000e-09  1.80000000e+00  3.76500000e-09  6.03066255e-07 
 3.77500000e-09  1.80000000e+00  3.77500000e-09  5.66270231e-07 
 3.78500000e-09  1.80000000e+00  3.78500000e-09  6.02891837e-07 
 3.79500000e-09  1.80000000e+00  3.79500000e-09  5.66443495e-07 
 3.80500000e-09  1.80000000e+00  3.80500000e-09  6.02719716e-07 
 3.81500000e-09  1.80000000e+00  3.81500000e-09  5.66614479e-07 
 3.82500000e-09  1.80000000e+00  3.82500000e-09  6.02549857e-07 
 3.83500000e-09  1.80000000e+00  3.83500000e-09  5.66783222e-07 
 3.84500000e-09  1.80000000e+00  3.84500000e-09  6.02382217e-07 
 3.85500000e-09  1.80000000e+00  3.85500000e-09  5.66949763e-07 
 3.86500000e-09  1.80000000e+00  3.86500000e-09  6.02216763e-07 
 3.87500000e-09  1.80000000e+00  3.87500000e-09  5.67114140e-07 
 3.88500000e-09  1.80000000e+00  3.88500000e-09  6.02053453e-07 
 3.89500000e-09  1.80000000e+00  3.89500000e-09  5.67276389e-07 
 3.90500000e-09  1.80000000e+00  3.90500000e-09  6.01892255e-07 
 3.91500000e-09  1.80000000e+00  3.91500000e-09  5.67436546e-07 
 3.92500000e-09  1.80000000e+00  3.92500000e-09  6.01733130e-07 
 3.93500000e-09  1.80000000e+00  3.93500000e-09  5.67594646e-07 
 3.94500000e-09  1.80000000e+00  3.94500000e-09  6.01576044e-07 
 3.95500000e-09  1.80000000e+00  3.95500000e-09  5.67750722e-07 
 3.96500000e-09  1.80000000e+00  3.96500000e-09  6.01420965e-07 
 3.97500000e-09  1.80000000e+00  3.97500000e-09  5.67904811e-07 
 3.98500000e-09  1.80000000e+00  3.98500000e-09  6.01267858e-07 
 3.99500000e-09  1.80000000e+00  3.99500000e-09  5.68056943e-07 
 4.00500000e-09  1.80000000e+00  4.00500000e-09  6.01116689e-07 
 4.01500000e-09  1.80000000e+00  4.01500000e-09  5.68207153e-07 
 4.02500000e-09  1.80000000e+00  4.02500000e-09  6.00967429e-07 
 4.03500000e-09  1.80000000e+00  4.03500000e-09  5.68355472e-07 
 4.04500000e-09  1.80000000e+00  4.04500000e-09  6.00820043e-07 
 4.05500000e-09  1.80000000e+00  4.05500000e-09  5.68501930e-07 
 4.06500000e-09  1.80000000e+00  4.06500000e-09  6.00674502e-07 
 4.07500000e-09  1.80000000e+00  4.07500000e-09  5.68646559e-07 
 4.08500000e-09  1.80000000e+00  4.08500000e-09  6.00530776e-07 
 4.09500000e-09  1.80000000e+00  4.09500000e-09  5.68789388e-07 
 4.10500000e-09  1.80000000e+00  4.10500000e-09  6.00388836e-07 
 4.11500000e-09  1.80000000e+00  4.11500000e-09  5.68930447e-07 
 4.12500000e-09  1.80000000e+00  4.12500000e-09  6.00248649e-07 
 4.13500000e-09  1.80000000e+00  4.13500000e-09  5.69069764e-07 
 4.14500000e-09  1.80000000e+00  4.14500000e-09  6.00110190e-07 
 4.15500000e-09  1.80000000e+00  4.15500000e-09  5.69207370e-07 
 4.16500000e-09  1.80000000e+00  4.16500000e-09  5.99973431e-07 
 4.17500000e-09  1.80000000e+00  4.17500000e-09  5.69343289e-07 
 4.18500000e-09  1.80000000e+00  4.18500000e-09  5.99838343e-07 
 4.19500000e-09  1.80000000e+00  4.19500000e-09  5.69477549e-07 
 4.20500000e-09  1.80000000e+00  4.20500000e-09  5.99704900e-07 
 4.21500000e-09  1.80000000e+00  4.21500000e-09  5.69610178e-07 
 4.22500000e-09  1.80000000e+00  4.22500000e-09  5.99573075e-07 
 4.23500000e-09  1.80000000e+00  4.23500000e-09  5.69741202e-07 
 4.24500000e-09  1.80000000e+00  4.24500000e-09  5.99442844e-07 
 4.25500000e-09  1.80000000e+00  4.25500000e-09  5.69870646e-07 
 4.26500000e-09  1.80000000e+00  4.26500000e-09  5.99314179e-07 
 4.27500000e-09  1.80000000e+00  4.27500000e-09  5.69998536e-07 
 4.28500000e-09  1.80000000e+00  4.28500000e-09  5.99187057e-07 
 4.29500000e-09  1.80000000e+00  4.29500000e-09  5.70124895e-07 
 4.30500000e-09  1.80000000e+00  4.30500000e-09  5.99061452e-07 
 4.31500000e-09  1.80000000e+00  4.31500000e-09  5.70249748e-07 
 4.32500000e-09  1.80000000e+00  4.32500000e-09  5.98937343e-07 
 4.33500000e-09  1.80000000e+00  4.33500000e-09  5.70373119e-07 
 4.34500000e-09  1.80000000e+00  4.34500000e-09  5.98814702e-07 
 4.35500000e-09  1.80000000e+00  4.35500000e-09  5.70495031e-07 
 4.36500000e-09  1.80000000e+00  4.36500000e-09  5.98693511e-07 
 4.37500000e-09  1.80000000e+00  4.37500000e-09  5.70615507e-07 
 4.38500000e-09  1.80000000e+00  4.38500000e-09  5.98573744e-07 
 4.39500000e-09  1.80000000e+00  4.39500000e-09  5.70734568e-07 
 4.40500000e-09  1.80000000e+00  4.40500000e-09  5.98455378e-07 
 4.41500000e-09  1.80000000e+00  4.41500000e-09  5.70852239e-07 
 4.42500000e-09  1.80000000e+00  4.42500000e-09  5.98338395e-07 
 4.43500000e-09  1.80000000e+00  4.43500000e-09  5.70968539e-07 
 4.44500000e-09  1.80000000e+00  4.44500000e-09  5.98222771e-07 
 4.45500000e-09  1.80000000e+00  4.45500000e-09  5.71083489e-07 
 4.46500000e-09  1.80000000e+00  4.46500000e-09  5.98108487e-07 
 4.47500000e-09  1.80000000e+00  4.47500000e-09  5.71197111e-07 
 4.48500000e-09  1.80000000e+00  4.48500000e-09  5.97995519e-07 
 4.49500000e-09  1.80000000e+00  4.49500000e-09  5.71309425e-07 
 4.50500000e-09  1.80000000e+00  4.50500000e-09  5.97883850e-07 
 4.51500000e-09  1.80000000e+00  4.51500000e-09  5.71420451e-07 
 4.52500000e-09  1.80000000e+00  4.52500000e-09  5.97773459e-07 
 4.53500000e-09  1.80000000e+00  4.53500000e-09  5.71530209e-07 
 4.54500000e-09  1.80000000e+00  4.54500000e-09  5.97664329e-07 
 4.55500000e-09  1.80000000e+00  4.55500000e-09  5.71638717e-07 
 4.56500000e-09  1.80000000e+00  4.56500000e-09  5.97556438e-07 
 4.57500000e-09  1.80000000e+00  4.57500000e-09  5.71745994e-07 
 4.58500000e-09  1.80000000e+00  4.58500000e-09  5.97449767e-07 
 4.59500000e-09  1.80000000e+00  4.59500000e-09  5.71852059e-07 
 4.60500000e-09  1.80000000e+00  4.60500000e-09  5.97344299e-07 
 4.61500000e-09  1.80000000e+00  4.61500000e-09  5.71956933e-07 
 4.62500000e-09  1.80000000e+00  4.62500000e-09  5.97240016e-07 
 4.63500000e-09  1.80000000e+00  4.63500000e-09  5.72060629e-07 
 4.64500000e-09  1.80000000e+00  4.64500000e-09  5.97136900e-07 
 4.65500000e-09  1.80000000e+00  4.65500000e-09  5.72163165e-07 
 4.66500000e-09  1.80000000e+00  4.66500000e-09  5.97034934e-07 
 4.67500000e-09  1.80000000e+00  4.67500000e-09  5.72264563e-07 
 4.68500000e-09  1.80000000e+00  4.68500000e-09  5.96934100e-07 
 4.69500000e-09  1.80000000e+00  4.69500000e-09  5.72364836e-07 
 4.70500000e-09  1.80000000e+00  4.70500000e-09  5.96834383e-07 
 4.71500000e-09  1.80000000e+00  4.71500000e-09  5.72464001e-07 
 4.72500000e-09  1.80000000e+00  4.72500000e-09  5.96735765e-07 
 4.73500000e-09  1.80000000e+00  4.73500000e-09  5.72562074e-07 
 4.74500000e-09  1.80000000e+00  4.74500000e-09  5.96638230e-07 
 4.75500000e-09  1.80000000e+00  4.75500000e-09  5.72659072e-07 
 4.76500000e-09  1.80000000e+00  4.76500000e-09  5.96541763e-07 
 4.77500000e-09  1.80000000e+00  4.77500000e-09  5.72755008e-07 
 4.78500000e-09  1.80000000e+00  4.78500000e-09  5.96446348e-07 
 4.79500000e-09  1.80000000e+00  4.79500000e-09  5.72849903e-07 
 4.80500000e-09  1.80000000e+00  4.80500000e-09  5.96351969e-07 
 4.81500000e-09  1.80000000e+00  4.81500000e-09  5.72943768e-07 
 4.82500000e-09  1.80000000e+00  4.82500000e-09  5.96258612e-07 
 4.83500000e-09  1.80000000e+00  4.83500000e-09  5.73036618e-07 
 4.84500000e-09  1.80000000e+00  4.84500000e-09  5.96166264e-07 
 4.85500000e-09  1.80000000e+00  4.85500000e-09  5.73128468e-07 
 4.86500000e-09  1.80000000e+00  4.86500000e-09  5.96074906e-07 
 4.87500000e-09  1.80000000e+00  4.87500000e-09  5.73219333e-07 
 4.88500000e-09  1.80000000e+00  4.88500000e-09  5.95984528e-07 
 4.89500000e-09  1.80000000e+00  4.89500000e-09  5.73364381e-07 
 4.90500000e-09  1.80000000e+00  4.90500000e-09  5.95950086e-07 
 4.91500000e-09  1.80000000e+00  4.91500000e-09  5.73378249e-07 
 4.92500000e-09  1.80000000e+00  4.92500000e-09  5.95776178e-07 
 4.93500000e-09  1.80000000e+00  4.93500000e-09  5.73464986e-07 
 4.94500000e-09  1.80000000e+00  4.94500000e-09  5.95703827e-07 
 4.95500000e-09  1.80000000e+00  4.95500000e-09  5.73619078e-07 
 4.96500000e-09  1.80000000e+00  4.96500000e-09  5.95680986e-07 
 4.97500000e-09  1.80000000e+00  4.97500000e-09  5.73636404e-07 
 4.98500000e-09  1.80000000e+00  4.98500000e-09  5.95514435e-07 
 4.99500000e-09  1.80000000e+00  4.99500000e-09  5.73776315e-07 
 5.00500000e-09  1.80000000e+00  5.00500000e-09  5.95499740e-07 
 5.01500000e-09  1.80000000e+00  5.01500000e-09  5.73800419e-07 
 5.02500000e-09  1.80000000e+00  5.02500000e-09  5.95342174e-07 
 5.03500000e-09  1.80000000e+00  5.03500000e-09  5.73942029e-07 
 5.04500000e-09  1.80000000e+00  5.04500000e-09  5.95331316e-07 
 5.05500000e-09  1.80000000e+00  5.05500000e-09  5.73965887e-07 
 5.06500000e-09  1.80000000e+00  5.06500000e-09  5.95176614e-07 
 5.07500000e-09  1.80000000e+00  5.07500000e-09  5.74106068e-07 
 5.08500000e-09  1.80000000e+00  5.08500000e-09  5.95167567e-07 
 5.09500000e-09  1.80000000e+00  5.09500000e-09  5.74128526e-07 
 5.10500000e-09  1.80000000e+00  5.10500000e-09  5.95014847e-07 
 5.11500000e-09  1.80000000e+00  5.11500000e-09  5.74266939e-07 
 5.12500000e-09  1.80000000e+00  5.12500000e-09  5.95007320e-07 
 5.13500000e-09  1.80000000e+00  5.13500000e-09  5.74287906e-07 
 5.14500000e-09  1.80000000e+00  5.14500000e-09  5.94856429e-07 
 5.15500000e-09  1.80000000e+00  5.15500000e-09  5.74424551e-07 
 5.16500000e-09  1.80000000e+00  5.16500000e-09  5.94850349e-07 
 5.17500000e-09  1.80000000e+00  5.17500000e-09  5.74444054e-07 
 5.18500000e-09  1.80000000e+00  5.18500000e-09  5.94701232e-07 
 5.19500000e-09  1.80000000e+00  5.19500000e-09  5.74578974e-07 
 5.20500000e-09  1.80000000e+00  5.20500000e-09  5.94696552e-07 
 5.21500000e-09  1.80000000e+00  5.21500000e-09  5.74597051e-07 
 5.22500000e-09  1.80000000e+00  5.22500000e-09  5.94549163e-07 
 5.23500000e-09  1.80000000e+00  5.23500000e-09  5.74730289e-07 
 5.24500000e-09  1.80000000e+00  5.24500000e-09  5.94545844e-07 
 5.25500000e-09  1.80000000e+00  5.25500000e-09  5.74746985e-07 
 5.26500000e-09  1.80000000e+00  5.26500000e-09  5.94400138e-07 
 5.27500000e-09  1.80000000e+00  5.27500000e-09  5.74878582e-07 
 5.28500000e-09  1.80000000e+00  5.28500000e-09  5.94398139e-07 
 5.29500000e-09  1.80000000e+00  5.29500000e-09  5.74893933e-07 
 5.30500000e-09  1.80000000e+00  5.30500000e-09  5.94254074e-07 
 5.31500000e-09  1.80000000e+00  5.31500000e-09  5.75023930e-07 
 5.32500000e-09  1.80000000e+00  5.32500000e-09  5.94253360e-07 
 5.33500000e-09  1.80000000e+00  5.33500000e-09  5.75037976e-07 
 5.34500000e-09  1.80000000e+00  5.34500000e-09  5.94110897e-07 
 5.35500000e-09  1.80000000e+00  5.35500000e-09  5.75166415e-07 
 5.36500000e-09  1.80000000e+00  5.36500000e-09  5.94111428e-07 
 5.37500000e-09  1.80000000e+00  5.37500000e-09  5.75179189e-07 
 5.38500000e-09  1.80000000e+00  5.38500000e-09  5.93970530e-07 
 5.39500000e-09  1.80000000e+00  5.39500000e-09  5.75306108e-07 
 5.40500000e-09  1.80000000e+00  5.40500000e-09  5.93972273e-07 
 5.41500000e-09  1.80000000e+00  5.41500000e-09  5.75317647e-07 
 5.42500000e-09  1.80000000e+00  5.42500000e-09  5.93832897e-07 
 5.43500000e-09  1.80000000e+00  5.43500000e-09  5.75443083e-07 
 5.44500000e-09  1.80000000e+00  5.44500000e-09  5.93835818e-07 
 5.45500000e-09  1.80000000e+00  5.45500000e-09  5.75453420e-07 
 5.46500000e-09  1.80000000e+00  5.46500000e-09  5.93697929e-07 
 5.47500000e-09  1.80000000e+00  5.47500000e-09  5.75577409e-07 
 5.48500000e-09  1.80000000e+00  5.48500000e-09  5.93701995e-07 
 5.49500000e-09  1.80000000e+00  5.49500000e-09  5.75586579e-07 
 5.50000000e-09  1.80000000e+00  5.50000000e-09  5.93532483e-07 
 5.50100000e-09  1.79640000e+00  5.50100000e-09 -7.07143250e-04 
 5.50300000e-09  1.78920000e+00  5.50300000e-09 -2.00077567e-03 
 5.50700000e-09  1.77480000e+00  5.50700000e-09 -3.95372163e-03 
 5.51500000e-09  1.74600000e+00  5.51500000e-09 -6.02432303e-03 
 5.52500000e-09  1.71000000e+00  5.52500000e-09 -6.96225261e-03 
 5.53500000e-09  1.67400000e+00  5.53500000e-09 -7.30945099e-03 
 5.54500000e-09  1.63800000e+00  5.54500000e-09 -7.51715542e-03 
 5.55500000e-09  1.60200000e+00  5.55500000e-09 -7.70933159e-03 
 5.56500000e-09  1.56600000e+00  5.56500000e-09 -7.91783326e-03 
 5.57500000e-09  1.53000000e+00  5.57500000e-09 -8.15669738e-03 
 5.58500000e-09  1.49400000e+00  5.58500000e-09 -8.42813053e-03 
 5.59500000e-09  1.45800000e+00  5.59500000e-09 -8.73393500e-03 
 5.60500000e-09  1.42200000e+00  5.60500000e-09 -9.06664375e-03 
 5.61500000e-09  1.38600000e+00  5.61500000e-09 -9.41361723e-03 
 5.62500000e-09  1.35000000e+00  5.62500000e-09 -9.74385749e-03 
 5.63500000e-09  1.31400000e+00  5.63500000e-09 -1.00044312e-02 
 5.64500000e-09  1.27800000e+00  5.64500000e-09 -1.00972528e-02 
 5.65500000e-09  1.24200000e+00  5.65500000e-09 -9.86447936e-03 
 5.66500000e-09  1.20600000e+00  5.66500000e-09 -9.06425186e-03 
 5.67500000e-09  1.17000000e+00  5.67500000e-09 -7.37643757e-03 
 5.68500000e-09  1.13400000e+00  5.68500000e-09 -4.41721819e-03 
 5.69500000e-09  1.09800000e+00  5.69500000e-09  1.08784553e-04 
 5.70500000e-09  1.06200000e+00  5.70500000e-09  6.62710220e-03 
 5.71500000e-09  1.02600000e+00  5.71500000e-09  1.58349782e-02 
 5.72500000e-09  9.90000000e-01  5.72500000e-09  2.85300393e-02 
 5.73500000e-09  9.54000000e-01  5.73500000e-09  4.60313841e-02 
 5.74500000e-09  9.18000000e-01  5.74500000e-09  7.06496056e-02 
 5.75500000e-09  8.82000000e-01  5.75500000e-09  1.06812511e-01 
 5.76500000e-09  8.46000000e-01  5.76500000e-09  1.61767278e-01 
 5.77500000e-09  8.10000000e-01  5.77500000e-09  2.39766618e-01 
 5.78500000e-09  7.74000000e-01  5.78500000e-09  3.39215687e-01 
 5.79500000e-09  7.38000000e-01  5.79500000e-09  4.57397105e-01 
 5.80500000e-09  7.02000000e-01  5.80500000e-09  5.91654614e-01 
 5.81500000e-09  6.66000000e-01  5.81500000e-09  7.39246115e-01 
 5.82500000e-09  6.30000000e-01  5.82500000e-09  8.97357678e-01 
 5.83500000e-09  5.94000000e-01  5.83500000e-09  1.06282585e+00 
 5.84500000e-09  5.58000000e-01  5.84500000e-09  1.23141207e+00 
 5.85500000e-09  5.22000000e-01  5.85500000e-09  1.39210394e+00 
 5.86500000e-09  4.86000000e-01  5.86500000e-09  1.51585944e+00 
 5.87500000e-09  4.50000000e-01  5.87500000e-09  1.59720618e+00 
 5.88500000e-09  4.14000000e-01  5.88500000e-09  1.65269318e+00 
 5.89500000e-09  3.78000000e-01  5.89500000e-09  1.69131502e+00 
 5.90500000e-09  3.42000000e-01  5.90500000e-09  1.71805605e+00 
 5.91500000e-09  3.06000000e-01  5.91500000e-09  1.73640719e+00 
 5.92500000e-09  2.70000000e-01  5.92500000e-09  1.74889858e+00 
 5.93500000e-09  2.34000000e-01  5.93500000e-09  1.75736810e+00 
 5.94500000e-09  1.98000000e-01  5.94500000e-09  1.76309068e+00 
 5.95500000e-09  1.62000000e-01  5.95500000e-09  1.76695993e+00 
 5.96500000e-09  1.26000000e-01  5.96500000e-09  1.76958628e+00 
 5.97500000e-09  9.00000000e-02  5.97500000e-09  1.77139055e+00 
 5.98500000e-09  5.40000000e-02  5.98500000e-09  1.77264053e+00 
 5.99500000e-09  1.80000000e-02  5.99500000e-09  1.77352744e+00 
 6.00000000e-09  0.00000000e+00  6.00000000e-09  1.77386800e+00 
 6.00100000e-09  0.00000000e+00  6.00100000e-09  1.77499362e+00 
 6.00300000e-09  0.00000000e+00  6.00300000e-09  1.77712335e+00 
 6.00700000e-09  0.00000000e+00  6.00700000e-09  1.78090420e+00 
 6.01500000e-09  0.00000000e+00  6.01500000e-09  1.78677556e+00 
 6.02500000e-09  0.00000000e+00  6.02500000e-09  1.79167423e+00 
 6.03500000e-09  0.00000000e+00  6.03500000e-09  1.79475550e+00 
 6.04500000e-09  0.00000000e+00  6.04500000e-09  1.79669453e+00 
 6.05500000e-09  0.00000000e+00  6.05500000e-09  1.79791647e+00 
 6.06500000e-09  0.00000000e+00  6.06500000e-09  1.79868553e+00 
 6.07500000e-09  0.00000000e+00  6.07500000e-09  1.79917125e+00 
 6.08500000e-09  0.00000000e+00  6.08500000e-09  1.79947665e+00 
 6.09500000e-09  0.00000000e+00  6.09500000e-09  1.79967021e+00 
 6.10500000e-09  0.00000000e+00  6.10500000e-09  1.79979142e+00 
 6.11500000e-09  0.00000000e+00  6.11500000e-09  1.79986879e+00 
 6.12500000e-09  0.00000000e+00  6.12500000e-09  1.79991673e+00 
 6.13500000e-09  0.00000000e+00  6.13500000e-09  1.79994787e+00 
 6.14500000e-09  0.00000000e+00  6.14500000e-09  1.79996665e+00 
 6.15500000e-09  0.00000000e+00  6.15500000e-09  1.79997937e+00 
 6.16500000e-09  0.00000000e+00  6.16500000e-09  1.79998654e+00 
 6.17500000e-09  0.00000000e+00  6.17500000e-09  1.79999192e+00 
 6.18500000e-09  0.00000000e+00  6.18500000e-09  1.79999447e+00 
 6.19500000e-09  0.00000000e+00  6.19500000e-09  1.79999692e+00 
 6.20500000e-09  0.00000000e+00  6.20500000e-09  1.79999763e+00 
 6.21500000e-09  0.00000000e+00  6.21500000e-09  1.79999891e+00 
 6.22500000e-09  0.00000000e+00  6.22500000e-09  1.79999887e+00 
 6.23500000e-09  0.00000000e+00  6.23500000e-09  1.79999964e+00 
 6.24500000e-09  0.00000000e+00  6.24500000e-09  1.79999933e+00 
 6.25500000e-09  0.00000000e+00  6.25500000e-09  1.79999995e+00 
 6.26500000e-09  0.00000000e+00  6.26500000e-09  1.79999954e+00 
 6.27500000e-09  0.00000000e+00  6.27500000e-09  1.80000008e+00 
 6.28500000e-09  0.00000000e+00  6.28500000e-09  1.79999963e+00 
 6.29500000e-09  0.00000000e+00  6.29500000e-09  1.80000013e+00 
 6.30500000e-09  0.00000000e+00  6.30500000e-09  1.79999966e+00 
 6.31500000e-09  0.00000000e+00  6.31500000e-09  1.80000014e+00 
 6.32500000e-09  0.00000000e+00  6.32500000e-09  1.79999967e+00 
 6.33500000e-09  0.00000000e+00  6.33500000e-09  1.80000014e+00 
 6.34500000e-09  0.00000000e+00  6.34500000e-09  1.79999968e+00 
 6.35500000e-09  0.00000000e+00  6.35500000e-09  1.80000014e+00 
 6.36500000e-09  0.00000000e+00  6.36500000e-09  1.79999969e+00 
 6.37500000e-09  0.00000000e+00  6.37500000e-09  1.80000014e+00 
 6.38500000e-09  0.00000000e+00  6.38500000e-09  1.79999969e+00 
 6.39500000e-09  0.00000000e+00  6.39500000e-09  1.80000014e+00 
 6.40500000e-09  0.00000000e+00  6.40500000e-09  1.79999970e+00 
 6.41500000e-09  0.00000000e+00  6.41500000e-09  1.80000013e+00 
 6.42500000e-09  0.00000000e+00  6.42500000e-09  1.79999970e+00 
 6.43500000e-09  0.00000000e+00  6.43500000e-09  1.80000013e+00 
 6.44500000e-09  0.00000000e+00  6.44500000e-09  1.79999971e+00 
 6.45500000e-09  0.00000000e+00  6.45500000e-09  1.80000013e+00 
 6.46500000e-09  0.00000000e+00  6.46500000e-09  1.79999971e+00 
 6.47500000e-09  0.00000000e+00  6.47500000e-09  1.80000013e+00 
 6.48500000e-09  0.00000000e+00  6.48500000e-09  1.79999972e+00 
 6.49500000e-09  0.00000000e+00  6.49500000e-09  1.80000013e+00 
 6.50500000e-09  0.00000000e+00  6.50500000e-09  1.79999972e+00 
 6.51500000e-09  0.00000000e+00  6.51500000e-09  1.80000013e+00 
 6.52500000e-09  0.00000000e+00  6.52500000e-09  1.79999973e+00 
 6.53500000e-09  0.00000000e+00  6.53500000e-09  1.80000013e+00 
 6.54500000e-09  0.00000000e+00  6.54500000e-09  1.79999973e+00 
 6.55500000e-09  0.00000000e+00  6.55500000e-09  1.80000013e+00 
 6.56500000e-09  0.00000000e+00  6.56500000e-09  1.79999974e+00 
 6.57500000e-09  0.00000000e+00  6.57500000e-09  1.80000012e+00 
 6.58500000e-09  0.00000000e+00  6.58500000e-09  1.79999974e+00 
 6.59500000e-09  0.00000000e+00  6.59500000e-09  1.80000012e+00 
 6.60500000e-09  0.00000000e+00  6.60500000e-09  1.79999974e+00 
 6.61500000e-09  0.00000000e+00  6.61500000e-09  1.80000012e+00 
 6.62500000e-09  0.00000000e+00  6.62500000e-09  1.79999975e+00 
 6.63500000e-09  0.00000000e+00  6.63500000e-09  1.80000012e+00 
 6.64500000e-09  0.00000000e+00  6.64500000e-09  1.79999975e+00 
 6.65500000e-09  0.00000000e+00  6.65500000e-09  1.80000012e+00 
 6.66500000e-09  0.00000000e+00  6.66500000e-09  1.79999975e+00 
 6.67500000e-09  0.00000000e+00  6.67500000e-09  1.80000011e+00 
 6.68500000e-09  0.00000000e+00  6.68500000e-09  1.79999976e+00 
 6.69500000e-09  0.00000000e+00  6.69500000e-09  1.80000011e+00 
 6.70500000e-09  0.00000000e+00  6.70500000e-09  1.79999976e+00 
 6.71500000e-09  0.00000000e+00  6.71500000e-09  1.80000011e+00 
 6.72500000e-09  0.00000000e+00  6.72500000e-09  1.79999976e+00 
 6.73500000e-09  0.00000000e+00  6.73500000e-09  1.80000011e+00 
 6.74500000e-09  0.00000000e+00  6.74500000e-09  1.79999977e+00 
 6.75500000e-09  0.00000000e+00  6.75500000e-09  1.80000011e+00 
 6.76500000e-09  0.00000000e+00  6.76500000e-09  1.79999977e+00 
 6.77500000e-09  0.00000000e+00  6.77500000e-09  1.80000011e+00 
 6.78500000e-09  0.00000000e+00  6.78500000e-09  1.79999977e+00 
 6.79500000e-09  0.00000000e+00  6.79500000e-09  1.80000010e+00 
 6.80500000e-09  0.00000000e+00  6.80500000e-09  1.79999978e+00 
 6.81500000e-09  0.00000000e+00  6.81500000e-09  1.80000010e+00 
 6.82500000e-09  0.00000000e+00  6.82500000e-09  1.79999978e+00 
 6.83500000e-09  0.00000000e+00  6.83500000e-09  1.80000010e+00 
 6.84500000e-09  0.00000000e+00  6.84500000e-09  1.79999978e+00 
 6.85500000e-09  0.00000000e+00  6.85500000e-09  1.80000010e+00 
 6.86500000e-09  0.00000000e+00  6.86500000e-09  1.79999978e+00 
 6.87500000e-09  0.00000000e+00  6.87500000e-09  1.80000010e+00 
 6.88500000e-09  0.00000000e+00  6.88500000e-09  1.79999979e+00 
 6.89500000e-09  0.00000000e+00  6.89500000e-09  1.80000010e+00 
 6.90500000e-09  0.00000000e+00  6.90500000e-09  1.79999979e+00 
 6.91500000e-09  0.00000000e+00  6.91500000e-09  1.80000010e+00 
 6.92500000e-09  0.00000000e+00  6.92500000e-09  1.79999979e+00 
 6.93500000e-09  0.00000000e+00  6.93500000e-09  1.80000009e+00 
 6.94500000e-09  0.00000000e+00  6.94500000e-09  1.79999980e+00 
 6.95500000e-09  0.00000000e+00  6.95500000e-09  1.80000009e+00 
 6.96500000e-09  0.00000000e+00  6.96500000e-09  1.79999980e+00 
 6.97500000e-09  0.00000000e+00  6.97500000e-09  1.80000009e+00 
 6.98500000e-09  0.00000000e+00  6.98500000e-09  1.79999980e+00 
 6.99500000e-09  0.00000000e+00  6.99500000e-09  1.80000009e+00 
 7.00500000e-09  0.00000000e+00  7.00500000e-09  1.79999980e+00 
 7.01500000e-09  0.00000000e+00  7.01500000e-09  1.80000009e+00 
 7.02500000e-09  0.00000000e+00  7.02500000e-09  1.79999981e+00 
 7.03500000e-09  0.00000000e+00  7.03500000e-09  1.80000009e+00 
 7.04500000e-09  0.00000000e+00  7.04500000e-09  1.79999981e+00 
 7.05500000e-09  0.00000000e+00  7.05500000e-09  1.80000009e+00 
 7.06500000e-09  0.00000000e+00  7.06500000e-09  1.79999981e+00 
 7.07500000e-09  0.00000000e+00  7.07500000e-09  1.80000008e+00 
 7.08500000e-09  0.00000000e+00  7.08500000e-09  1.79999981e+00 
 7.09500000e-09  0.00000000e+00  7.09500000e-09  1.80000008e+00 
 7.10500000e-09  0.00000000e+00  7.10500000e-09  1.79999981e+00 
 7.11500000e-09  0.00000000e+00  7.11500000e-09  1.80000008e+00 
 7.12500000e-09  0.00000000e+00  7.12500000e-09  1.79999982e+00 
 7.13500000e-09  0.00000000e+00  7.13500000e-09  1.80000008e+00 
 7.14500000e-09  0.00000000e+00  7.14500000e-09  1.79999982e+00 
 7.15500000e-09  0.00000000e+00  7.15500000e-09  1.80000008e+00 
 7.16500000e-09  0.00000000e+00  7.16500000e-09  1.79999982e+00 
 7.17500000e-09  0.00000000e+00  7.17500000e-09  1.80000007e+00 
 7.18500000e-09  0.00000000e+00  7.18500000e-09  1.79999982e+00 
 7.19500000e-09  0.00000000e+00  7.19500000e-09  1.80000007e+00 
 7.20500000e-09  0.00000000e+00  7.20500000e-09  1.79999982e+00 
 7.21500000e-09  0.00000000e+00  7.21500000e-09  1.80000007e+00 
 7.22500000e-09  0.00000000e+00  7.22500000e-09  1.79999982e+00 
 7.23500000e-09  0.00000000e+00  7.23500000e-09  1.80000007e+00 
 7.24500000e-09  0.00000000e+00  7.24500000e-09  1.79999983e+00 
 7.25500000e-09  0.00000000e+00  7.25500000e-09  1.80000007e+00 
 7.26500000e-09  0.00000000e+00  7.26500000e-09  1.79999983e+00 
 7.27500000e-09  0.00000000e+00  7.27500000e-09  1.80000007e+00 
 7.28500000e-09  0.00000000e+00  7.28500000e-09  1.79999983e+00 
 7.29500000e-09  0.00000000e+00  7.29500000e-09  1.80000006e+00 
 7.30500000e-09  0.00000000e+00  7.30500000e-09  1.79999983e+00 
 7.31500000e-09  0.00000000e+00  7.31500000e-09  1.80000006e+00 
 7.32500000e-09  0.00000000e+00  7.32500000e-09  1.79999983e+00 
 7.33500000e-09  0.00000000e+00  7.33500000e-09  1.80000006e+00 
 7.34500000e-09  0.00000000e+00  7.34500000e-09  1.79999983e+00 
 7.35500000e-09  0.00000000e+00  7.35500000e-09  1.80000006e+00 
 7.36500000e-09  0.00000000e+00  7.36500000e-09  1.79999984e+00 
 7.37500000e-09  0.00000000e+00  7.37500000e-09  1.80000006e+00 
 7.38500000e-09  0.00000000e+00  7.38500000e-09  1.79999984e+00 
 7.39500000e-09  0.00000000e+00  7.39500000e-09  1.80000006e+00 
 7.40500000e-09  0.00000000e+00  7.40500000e-09  1.79999984e+00 
 7.41500000e-09  0.00000000e+00  7.41500000e-09  1.80000006e+00 
 7.42500000e-09  0.00000000e+00  7.42500000e-09  1.79999984e+00 
 7.43500000e-09  0.00000000e+00  7.43500000e-09  1.80000006e+00 
 7.44500000e-09  0.00000000e+00  7.44500000e-09  1.79999984e+00 
 7.45500000e-09  0.00000000e+00  7.45500000e-09  1.80000006e+00 
 7.46500000e-09  0.00000000e+00  7.46500000e-09  1.79999985e+00 
 7.47500000e-09  0.00000000e+00  7.47500000e-09  1.80000006e+00 
 7.48500000e-09  0.00000000e+00  7.48500000e-09  1.79999985e+00 
 7.49500000e-09  0.00000000e+00  7.49500000e-09  1.80000005e+00 
 7.50500000e-09  0.00000000e+00  7.50500000e-09  1.79999985e+00 
 7.51500000e-09  0.00000000e+00  7.51500000e-09  1.80000005e+00 
 7.52500000e-09  0.00000000e+00  7.52500000e-09  1.79999985e+00 
 7.53500000e-09  0.00000000e+00  7.53500000e-09  1.80000005e+00 
 7.54500000e-09  0.00000000e+00  7.54500000e-09  1.79999985e+00 
 7.55500000e-09  0.00000000e+00  7.55500000e-09  1.80000005e+00 
 7.56500000e-09  0.00000000e+00  7.56500000e-09  1.79999985e+00 
 7.57500000e-09  0.00000000e+00  7.57500000e-09  1.80000005e+00 
 7.58500000e-09  0.00000000e+00  7.58500000e-09  1.79999985e+00 
 7.59500000e-09  0.00000000e+00  7.59500000e-09  1.80000005e+00 
 7.60500000e-09  0.00000000e+00  7.60500000e-09  1.79999986e+00 
 7.61500000e-09  0.00000000e+00  7.61500000e-09  1.80000005e+00 
 7.62500000e-09  0.00000000e+00  7.62500000e-09  1.79999986e+00 
 7.63500000e-09  0.00000000e+00  7.63500000e-09  1.80000005e+00 
 7.64500000e-09  0.00000000e+00  7.64500000e-09  1.79999986e+00 
 7.65500000e-09  0.00000000e+00  7.65500000e-09  1.80000005e+00 
 7.66500000e-09  0.00000000e+00  7.66500000e-09  1.79999986e+00 
 7.67500000e-09  0.00000000e+00  7.67500000e-09  1.80000005e+00 
 7.68500000e-09  0.00000000e+00  7.68500000e-09  1.79999986e+00 
 7.69500000e-09  0.00000000e+00  7.69500000e-09  1.80000005e+00 
 7.70500000e-09  0.00000000e+00  7.70500000e-09  1.79999986e+00 
 7.71500000e-09  0.00000000e+00  7.71500000e-09  1.80000004e+00 
 7.72500000e-09  0.00000000e+00  7.72500000e-09  1.79999987e+00 
 7.73500000e-09  0.00000000e+00  7.73500000e-09  1.80000004e+00 
 7.74500000e-09  0.00000000e+00  7.74500000e-09  1.79999987e+00 
 7.75500000e-09  0.00000000e+00  7.75500000e-09  1.80000004e+00 
 7.76500000e-09  0.00000000e+00  7.76500000e-09  1.79999987e+00 
 7.77500000e-09  0.00000000e+00  7.77500000e-09  1.80000004e+00 
 7.78500000e-09  0.00000000e+00  7.78500000e-09  1.79999987e+00 
 7.79500000e-09  0.00000000e+00  7.79500000e-09  1.80000004e+00 
 7.80500000e-09  0.00000000e+00  7.80500000e-09  1.79999987e+00 
 7.81500000e-09  0.00000000e+00  7.81500000e-09  1.80000004e+00 
 7.82500000e-09  0.00000000e+00  7.82500000e-09  1.79999987e+00 
 7.83500000e-09  0.00000000e+00  7.83500000e-09  1.80000004e+00 
 7.84500000e-09  0.00000000e+00  7.84500000e-09  1.79999987e+00 
 7.85500000e-09  0.00000000e+00  7.85500000e-09  1.80000004e+00 
 7.86500000e-09  0.00000000e+00  7.86500000e-09  1.79999987e+00 
 7.87500000e-09  0.00000000e+00  7.87500000e-09  1.80000004e+00 
 7.88500000e-09  0.00000000e+00  7.88500000e-09  1.79999988e+00 
 7.89500000e-09  0.00000000e+00  7.89500000e-09  1.80000004e+00 
 7.90500000e-09  0.00000000e+00  7.90500000e-09  1.79999988e+00 
 7.91500000e-09  0.00000000e+00  7.91500000e-09  1.80000004e+00 
 7.92500000e-09  0.00000000e+00  7.92500000e-09  1.79999988e+00 
 7.93500000e-09  0.00000000e+00  7.93500000e-09  1.80000004e+00 
 7.94500000e-09  0.00000000e+00  7.94500000e-09  1.79999988e+00 
 7.95500000e-09  0.00000000e+00  7.95500000e-09  1.80000004e+00 
 7.96500000e-09  0.00000000e+00  7.96500000e-09  1.79999988e+00 
 7.97500000e-09  0.00000000e+00  7.97500000e-09  1.80000003e+00 
 7.98500000e-09  0.00000000e+00  7.98500000e-09  1.79999988e+00 
 7.99500000e-09  0.00000000e+00  7.99500000e-09  1.80000003e+00 
 8.00500000e-09  0.00000000e+00  8.00500000e-09  1.79999988e+00 
 8.01500000e-09  0.00000000e+00  8.01500000e-09  1.80000003e+00 
 8.02500000e-09  0.00000000e+00  8.02500000e-09  1.79999988e+00 
 8.03500000e-09  0.00000000e+00  8.03500000e-09  1.80000003e+00 
 8.04500000e-09  0.00000000e+00  8.04500000e-09  1.79999988e+00 
 8.05500000e-09  0.00000000e+00  8.05500000e-09  1.80000003e+00 
 8.06500000e-09  0.00000000e+00  8.06500000e-09  1.79999989e+00 
 8.07500000e-09  0.00000000e+00  8.07500000e-09  1.80000003e+00 
 8.08500000e-09  0.00000000e+00  8.08500000e-09  1.79999989e+00 
 8.09500000e-09  0.00000000e+00  8.09500000e-09  1.80000003e+00 
 8.10500000e-09  0.00000000e+00  8.10500000e-09  1.79999989e+00 
 8.11500000e-09  0.00000000e+00  8.11500000e-09  1.80000003e+00 
 8.12500000e-09  0.00000000e+00  8.12500000e-09  1.79999989e+00 
 8.13500000e-09  0.00000000e+00  8.13500000e-09  1.80000003e+00 
 8.14500000e-09  0.00000000e+00  8.14500000e-09  1.79999989e+00 
 8.15500000e-09  0.00000000e+00  8.15500000e-09  1.80000003e+00 
 8.16500000e-09  0.00000000e+00  8.16500000e-09  1.79999989e+00 
 8.17500000e-09  0.00000000e+00  8.17500000e-09  1.80000003e+00 
 8.18500000e-09  0.00000000e+00  8.18500000e-09  1.79999989e+00 
 8.19500000e-09  0.00000000e+00  8.19500000e-09  1.80000003e+00 
 8.20500000e-09  0.00000000e+00  8.20500000e-09  1.79999989e+00 
 8.21500000e-09  0.00000000e+00  8.21500000e-09  1.80000003e+00 
 8.22500000e-09  0.00000000e+00  8.22500000e-09  1.79999989e+00 
 8.23500000e-09  0.00000000e+00  8.23500000e-09  1.80000003e+00 
 8.24500000e-09  0.00000000e+00  8.24500000e-09  1.79999989e+00 
 8.25500000e-09  0.00000000e+00  8.25500000e-09  1.80000003e+00 
 8.26500000e-09  0.00000000e+00  8.26500000e-09  1.79999990e+00 
 8.27500000e-09  0.00000000e+00  8.27500000e-09  1.80000003e+00 
 8.28500000e-09  0.00000000e+00  8.28500000e-09  1.79999990e+00 
 8.29500000e-09  0.00000000e+00  8.29500000e-09  1.80000003e+00 
 8.30500000e-09  0.00000000e+00  8.30500000e-09  1.79999990e+00 
 8.31500000e-09  0.00000000e+00  8.31500000e-09  1.80000002e+00 
 8.32500000e-09  0.00000000e+00  8.32500000e-09  1.79999990e+00 
 8.33500000e-09  0.00000000e+00  8.33500000e-09  1.80000002e+00 
 8.34500000e-09  0.00000000e+00  8.34500000e-09  1.79999990e+00 
 8.35500000e-09  0.00000000e+00  8.35500000e-09  1.80000002e+00 
 8.36500000e-09  0.00000000e+00  8.36500000e-09  1.79999990e+00 
 8.37500000e-09  0.00000000e+00  8.37500000e-09  1.80000002e+00 
 8.38500000e-09  0.00000000e+00  8.38500000e-09  1.79999990e+00 
 8.39500000e-09  0.00000000e+00  8.39500000e-09  1.80000002e+00 
 8.40500000e-09  0.00000000e+00  8.40500000e-09  1.79999990e+00 
 8.41500000e-09  0.00000000e+00  8.41500000e-09  1.80000002e+00 
 8.42500000e-09  0.00000000e+00  8.42500000e-09  1.79999990e+00 
 8.43500000e-09  0.00000000e+00  8.43500000e-09  1.80000002e+00 
 8.44500000e-09  0.00000000e+00  8.44500000e-09  1.79999990e+00 
 8.45500000e-09  0.00000000e+00  8.45500000e-09  1.80000002e+00 
 8.46500000e-09  0.00000000e+00  8.46500000e-09  1.79999990e+00 
 8.47500000e-09  0.00000000e+00  8.47500000e-09  1.80000002e+00 
 8.48500000e-09  0.00000000e+00  8.48500000e-09  1.79999990e+00 
 8.49500000e-09  0.00000000e+00  8.49500000e-09  1.80000002e+00 
 8.50500000e-09  0.00000000e+00  8.50500000e-09  1.79999991e+00 
 8.51500000e-09  0.00000000e+00  8.51500000e-09  1.80000002e+00 
 8.52500000e-09  0.00000000e+00  8.52500000e-09  1.79999991e+00 
 8.53500000e-09  0.00000000e+00  8.53500000e-09  1.80000002e+00 
 8.54500000e-09  0.00000000e+00  8.54500000e-09  1.79999991e+00 
 8.55500000e-09  0.00000000e+00  8.55500000e-09  1.80000002e+00 
 8.56500000e-09  0.00000000e+00  8.56500000e-09  1.79999991e+00 
 8.57500000e-09  0.00000000e+00  8.57500000e-09  1.80000002e+00 
 8.58500000e-09  0.00000000e+00  8.58500000e-09  1.79999991e+00 
 8.59500000e-09  0.00000000e+00  8.59500000e-09  1.80000002e+00 
 8.60500000e-09  0.00000000e+00  8.60500000e-09  1.79999991e+00 
 8.61500000e-09  0.00000000e+00  8.61500000e-09  1.80000002e+00 
 8.62500000e-09  0.00000000e+00  8.62500000e-09  1.79999991e+00 
 8.63500000e-09  0.00000000e+00  8.63500000e-09  1.80000002e+00 
 8.64500000e-09  0.00000000e+00  8.64500000e-09  1.79999991e+00 
 8.65500000e-09  0.00000000e+00  8.65500000e-09  1.80000002e+00 
 8.66500000e-09  0.00000000e+00  8.66500000e-09  1.79999991e+00 
 8.67500000e-09  0.00000000e+00  8.67500000e-09  1.80000002e+00 
 8.68500000e-09  0.00000000e+00  8.68500000e-09  1.79999991e+00 
 8.69500000e-09  0.00000000e+00  8.69500000e-09  1.80000002e+00 
 8.70500000e-09  0.00000000e+00  8.70500000e-09  1.79999991e+00 
 8.71500000e-09  0.00000000e+00  8.71500000e-09  1.80000002e+00 
 8.72500000e-09  0.00000000e+00  8.72500000e-09  1.79999991e+00 
 8.73500000e-09  0.00000000e+00  8.73500000e-09  1.80000002e+00 
 8.74500000e-09  0.00000000e+00  8.74500000e-09  1.79999991e+00 
 8.75500000e-09  0.00000000e+00  8.75500000e-09  1.80000001e+00 
 8.76500000e-09  0.00000000e+00  8.76500000e-09  1.79999991e+00 
 8.77500000e-09  0.00000000e+00  8.77500000e-09  1.80000001e+00 
 8.78500000e-09  0.00000000e+00  8.78500000e-09  1.79999992e+00 
 8.79500000e-09  0.00000000e+00  8.79500000e-09  1.80000001e+00 
 8.80500000e-09  0.00000000e+00  8.80500000e-09  1.79999992e+00 
 8.81500000e-09  0.00000000e+00  8.81500000e-09  1.80000001e+00 
 8.82500000e-09  0.00000000e+00  8.82500000e-09  1.79999992e+00 
 8.83500000e-09  0.00000000e+00  8.83500000e-09  1.80000001e+00 
 8.84500000e-09  0.00000000e+00  8.84500000e-09  1.79999992e+00 
 8.85500000e-09  0.00000000e+00  8.85500000e-09  1.80000001e+00 
 8.86500000e-09  0.00000000e+00  8.86500000e-09  1.79999992e+00 
 8.87500000e-09  0.00000000e+00  8.87500000e-09  1.80000001e+00 
 8.88500000e-09  0.00000000e+00  8.88500000e-09  1.79999992e+00 
 8.89500000e-09  0.00000000e+00  8.89500000e-09  1.80000001e+00 
 8.90500000e-09  0.00000000e+00  8.90500000e-09  1.79999992e+00 
 8.91500000e-09  0.00000000e+00  8.91500000e-09  1.80000001e+00 
 8.92500000e-09  0.00000000e+00  8.92500000e-09  1.79999992e+00 
 8.93500000e-09  0.00000000e+00  8.93500000e-09  1.80000001e+00 
 8.94500000e-09  0.00000000e+00  8.94500000e-09  1.79999992e+00 
 8.95500000e-09  0.00000000e+00  8.95500000e-09  1.80000001e+00 
 8.96500000e-09  0.00000000e+00  8.96500000e-09  1.79999992e+00 
 8.97500000e-09  0.00000000e+00  8.97500000e-09  1.80000001e+00 
 8.98500000e-09  0.00000000e+00  8.98500000e-09  1.79999992e+00 
 8.99500000e-09  0.00000000e+00  8.99500000e-09  1.80000001e+00 
 9.00500000e-09  0.00000000e+00  9.00500000e-09  1.79999992e+00 
 9.01500000e-09  0.00000000e+00  9.01500000e-09  1.80000001e+00 
 9.02500000e-09  0.00000000e+00  9.02500000e-09  1.79999992e+00 
 9.03500000e-09  0.00000000e+00  9.03500000e-09  1.80000001e+00 
 9.04500000e-09  0.00000000e+00  9.04500000e-09  1.79999992e+00 
 9.05500000e-09  0.00000000e+00  9.05500000e-09  1.80000001e+00 
 9.06500000e-09  0.00000000e+00  9.06500000e-09  1.79999992e+00 
 9.07500000e-09  0.00000000e+00  9.07500000e-09  1.80000001e+00 
 9.08500000e-09  0.00000000e+00  9.08500000e-09  1.79999992e+00 
 9.09500000e-09  0.00000000e+00  9.09500000e-09  1.80000001e+00 
 9.10500000e-09  0.00000000e+00  9.10500000e-09  1.79999992e+00 
 9.11500000e-09  0.00000000e+00  9.11500000e-09  1.80000001e+00 
 9.12500000e-09  0.00000000e+00  9.12500000e-09  1.79999993e+00 
 9.13500000e-09  0.00000000e+00  9.13500000e-09  1.80000001e+00 
 9.14500000e-09  0.00000000e+00  9.14500000e-09  1.79999993e+00 
 9.15500000e-09  0.00000000e+00  9.15500000e-09  1.80000001e+00 
 9.16500000e-09  0.00000000e+00  9.16500000e-09  1.79999993e+00 
 9.17500000e-09  0.00000000e+00  9.17500000e-09  1.80000001e+00 
 9.18500000e-09  0.00000000e+00  9.18500000e-09  1.79999993e+00 
 9.19500000e-09  0.00000000e+00  9.19500000e-09  1.80000001e+00 
 9.20500000e-09  0.00000000e+00  9.20500000e-09  1.79999993e+00 
 9.21500000e-09  0.00000000e+00  9.21500000e-09  1.80000001e+00 
 9.22500000e-09  0.00000000e+00  9.22500000e-09  1.79999993e+00 
 9.23500000e-09  0.00000000e+00  9.23500000e-09  1.80000001e+00 
 9.24500000e-09  0.00000000e+00  9.24500000e-09  1.79999993e+00 
 9.25500000e-09  0.00000000e+00  9.25500000e-09  1.80000001e+00 
 9.26500000e-09  0.00000000e+00  9.26500000e-09  1.79999993e+00 
 9.27500000e-09  0.00000000e+00  9.27500000e-09  1.80000001e+00 
 9.28500000e-09  0.00000000e+00  9.28500000e-09  1.79999993e+00 
 9.29500000e-09  0.00000000e+00  9.29500000e-09  1.80000001e+00 
 9.30500000e-09  0.00000000e+00  9.30500000e-09  1.79999993e+00 
 9.31500000e-09  0.00000000e+00  9.31500000e-09  1.80000001e+00 
 9.32500000e-09  0.00000000e+00  9.32500000e-09  1.79999993e+00 
 9.33500000e-09  0.00000000e+00  9.33500000e-09  1.80000001e+00 
 9.34500000e-09  0.00000000e+00  9.34500000e-09  1.79999993e+00 
 9.35500000e-09  0.00000000e+00  9.35500000e-09  1.80000001e+00 
 9.36500000e-09  0.00000000e+00  9.36500000e-09  1.79999993e+00 
 9.37500000e-09  0.00000000e+00  9.37500000e-09  1.80000001e+00 
 9.38500000e-09  0.00000000e+00  9.38500000e-09  1.79999993e+00 
 9.39500000e-09  0.00000000e+00  9.39500000e-09  1.80000001e+00 
 9.40500000e-09  0.00000000e+00  9.40500000e-09  1.79999993e+00 
 9.41500000e-09  0.00000000e+00  9.41500000e-09  1.80000000e+00 
 9.42500000e-09  0.00000000e+00  9.42500000e-09  1.79999993e+00 
 9.43500000e-09  0.00000000e+00  9.43500000e-09  1.80000000e+00 
 9.44500000e-09  0.00000000e+00  9.44500000e-09  1.79999993e+00 
 9.45500000e-09  0.00000000e+00  9.45500000e-09  1.80000000e+00 
 9.46500000e-09  0.00000000e+00  9.46500000e-09  1.79999993e+00 
 9.47500000e-09  0.00000000e+00  9.47500000e-09  1.80000000e+00 
 9.48500000e-09  0.00000000e+00  9.48500000e-09  1.79999993e+00 
 9.49500000e-09  0.00000000e+00  9.49500000e-09  1.80000000e+00 
 9.50500000e-09  0.00000000e+00  9.50500000e-09  1.79999993e+00 
 9.51500000e-09  0.00000000e+00  9.51500000e-09  1.80000000e+00 
 9.52500000e-09  0.00000000e+00  9.52500000e-09  1.79999993e+00 
 9.53500000e-09  0.00000000e+00  9.53500000e-09  1.80000000e+00 
 9.54500000e-09  0.00000000e+00  9.54500000e-09  1.79999993e+00 
 9.55500000e-09  0.00000000e+00  9.55500000e-09  1.80000000e+00 
 9.56500000e-09  0.00000000e+00  9.56500000e-09  1.79999994e+00 
 9.57500000e-09  0.00000000e+00  9.57500000e-09  1.80000000e+00 
 9.58500000e-09  0.00000000e+00  9.58500000e-09  1.79999994e+00 
 9.59500000e-09  0.00000000e+00  9.59500000e-09  1.80000000e+00 
 9.60500000e-09  0.00000000e+00  9.60500000e-09  1.79999994e+00 
 9.61500000e-09  0.00000000e+00  9.61500000e-09  1.80000000e+00 
 9.62500000e-09  0.00000000e+00  9.62500000e-09  1.79999994e+00 
 9.63500000e-09  0.00000000e+00  9.63500000e-09  1.80000000e+00 
 9.64500000e-09  0.00000000e+00  9.64500000e-09  1.79999994e+00 
 9.65500000e-09  0.00000000e+00  9.65500000e-09  1.80000000e+00 
 9.66500000e-09  0.00000000e+00  9.66500000e-09  1.79999994e+00 
 9.67500000e-09  0.00000000e+00  9.67500000e-09  1.80000000e+00 
 9.68500000e-09  0.00000000e+00  9.68500000e-09  1.79999994e+00 
 9.69500000e-09  0.00000000e+00  9.69500000e-09  1.80000000e+00 
 9.70500000e-09  0.00000000e+00  9.70500000e-09  1.79999994e+00 
 9.71500000e-09  0.00000000e+00  9.71500000e-09  1.80000000e+00 
 9.72500000e-09  0.00000000e+00  9.72500000e-09  1.79999994e+00 
 9.73500000e-09  0.00000000e+00  9.73500000e-09  1.80000000e+00 
 9.74500000e-09  0.00000000e+00  9.74500000e-09  1.79999994e+00 
 9.75500000e-09  0.00000000e+00  9.75500000e-09  1.80000000e+00 
 9.76500000e-09  0.00000000e+00  9.76500000e-09  1.79999994e+00 
 9.77500000e-09  0.00000000e+00  9.77500000e-09  1.80000000e+00 
 9.78500000e-09  0.00000000e+00  9.78500000e-09  1.79999994e+00 
 9.79500000e-09  0.00000000e+00  9.79500000e-09  1.80000000e+00 
 9.80500000e-09  0.00000000e+00  9.80500000e-09  1.79999994e+00 
 9.81500000e-09  0.00000000e+00  9.81500000e-09  1.80000000e+00 
 9.82500000e-09  0.00000000e+00  9.82500000e-09  1.79999994e+00 
 9.83500000e-09  0.00000000e+00  9.83500000e-09  1.80000000e+00 
 9.84500000e-09  0.00000000e+00  9.84500000e-09  1.79999994e+00 
 9.85500000e-09  0.00000000e+00  9.85500000e-09  1.80000000e+00 
 9.86500000e-09  0.00000000e+00  9.86500000e-09  1.79999994e+00 
 9.87500000e-09  0.00000000e+00  9.87500000e-09  1.80000000e+00 
 9.88500000e-09  0.00000000e+00  9.88500000e-09  1.79999994e+00 
 9.89500000e-09  0.00000000e+00  9.89500000e-09  1.80000000e+00 
 9.90500000e-09  0.00000000e+00  9.90500000e-09  1.79999994e+00 
 9.91500000e-09  0.00000000e+00  9.91500000e-09  1.80000000e+00 
 9.92500000e-09  0.00000000e+00  9.92500000e-09  1.79999994e+00 
 9.93500000e-09  0.00000000e+00  9.93500000e-09  1.80000000e+00 
 9.94500000e-09  0.00000000e+00  9.94500000e-09  1.79999994e+00 
 9.95500000e-09  0.00000000e+00  9.95500000e-09  1.80000000e+00 
 9.96500000e-09  0.00000000e+00  9.96500000e-09  1.79999994e+00 
 9.97500000e-09  0.00000000e+00  9.97500000e-09  1.80000000e+00 
 9.98500000e-09  0.00000000e+00  9.98500000e-09  1.79999994e+00 
 9.99500000e-09  0.00000000e+00  9.99500000e-09  1.80000000e+00 
 1.00000000e-08  0.00000000e+00  1.00000000e-08  1.79999994e+00 
 1.00010000e-08  3.60000000e-03  1.00010000e-08  1.80109768e+00 
 1.00030000e-08  1.08000000e-02  1.00030000e-08  1.80320084e+00 
 1.00070000e-08  2.52000000e-02  1.00070000e-08  1.80700337e+00 
 1.00150000e-08  5.40000000e-02  1.00150000e-08  1.81288000e+00 
 1.00250000e-08  9.00000000e-02  1.00250000e-08  1.81765997e+00 
 1.00350000e-08  1.26000000e-01  1.00350000e-08  1.82061308e+00 
 1.00450000e-08  1.62000000e-01  1.00450000e-08  1.82249572e+00 
 1.00550000e-08  1.98000000e-01  1.00550000e-08  1.82375248e+00 
 1.00650000e-08  2.34000000e-01  1.00650000e-08  1.82464718e+00 
 1.00750000e-08  2.70000000e-01  1.00750000e-08  1.82534223e+00 
 1.00850000e-08  3.06000000e-01  1.00850000e-08  1.82593370e+00 
 1.00950000e-08  3.42000000e-01  1.00950000e-08  1.82648547e+00 
 1.01050000e-08  3.78000000e-01  1.01050000e-08  1.82703496e+00 
 1.01150000e-08  4.14000000e-01  1.01150000e-08  1.82761041e+00 
 1.01250000e-08  4.50000000e-01  1.01250000e-08  1.82822485e+00 
 1.01350000e-08  4.86000000e-01  1.01350000e-08  1.82888310e+00 
 1.01450000e-08  5.22000000e-01  1.01450000e-08  1.82956283e+00 
 1.01550000e-08  5.58000000e-01  1.01550000e-08  1.83020088e+00 
 1.01650000e-08  5.94000000e-01  1.01650000e-08  1.83064295e+00 
 1.01750000e-08  6.30000000e-01  1.01750000e-08  1.83059236e+00 
 1.01850000e-08  6.66000000e-01  1.01850000e-08  1.82953866e+00 
 1.01950000e-08  7.02000000e-01  1.01950000e-08  1.82673446e+00 
 1.02050000e-08  7.38000000e-01  1.02050000e-08  1.82120136e+00 
 1.02150000e-08  7.74000000e-01  1.02150000e-08  1.81176071e+00 
 1.02250000e-08  8.10000000e-01  1.02250000e-08  1.79823766e+00 
 1.02350000e-08  8.46000000e-01  1.02350000e-08  1.77870003e+00 
 1.02450000e-08  8.82000000e-01  1.02450000e-08  1.75033523e+00 
 1.02550000e-08  9.18000000e-01  1.02550000e-08  1.70853635e+00 
 1.02650000e-08  9.54000000e-01  1.02650000e-08  1.64353197e+00 
 1.02750000e-08  9.90000000e-01  1.02750000e-08  1.54917321e+00 
 1.02850000e-08  1.02600000e+00  1.02850000e-08  1.42831752e+00 
 1.02950000e-08  1.06200000e+00  1.02950000e-08  1.28341328e+00 
 1.03050000e-08  1.09800000e+00  1.03050000e-08  1.11580636e+00 
 1.03150000e-08  1.13400000e+00  1.03150000e-08  9.27084153e-01 
 1.03250000e-08  1.17000000e+00  1.03250000e-08  7.19935184e-01 
 1.03350000e-08  1.20600000e+00  1.03350000e-08  4.99555380e-01 
 1.03450000e-08  1.24200000e+00  1.03450000e-08  2.88264905e-01 
 1.03550000e-08  1.27800000e+00  1.03550000e-08  1.42497317e-01 
 1.03650000e-08  1.31400000e+00  1.03650000e-08  6.69713982e-02 
 1.03750000e-08  1.35000000e+00  1.03750000e-08  3.30923578e-02 
 1.03850000e-08  1.38600000e+00  1.03850000e-08  1.92593737e-02 
 1.03950000e-08  1.42200000e+00  1.03950000e-08  1.35510170e-02 
 1.04050000e-08  1.45800000e+00  1.04050000e-08  1.10791508e-02 
 1.04150000e-08  1.49400000e+00  1.04150000e-08  9.84302305e-03 
 1.04250000e-08  1.53000000e+00  1.04250000e-08  9.12090337e-03 
 1.04350000e-08  1.56600000e+00  1.04350000e-08  8.63723189e-03 
 1.04450000e-08  1.60200000e+00  1.04450000e-08  8.26524991e-03 
 1.04550000e-08  1.63800000e+00  1.04550000e-08  7.98663717e-03 
 1.04650000e-08  1.67400000e+00  1.04650000e-08  7.74750372e-03 
 1.04750000e-08  1.71000000e+00  1.04750000e-08  7.56822822e-03 
 1.04850000e-08  1.74600000e+00  1.04850000e-08  7.40442202e-03 
 1.04950000e-08  1.78200000e+00  1.04950000e-08  7.28522384e-03 
 1.05000000e-08  1.80000000e+00  1.05000000e-08  7.22047072e-03 
 1.05010000e-08  1.80000000e+00  1.05010000e-08  6.52642467e-03 
 1.05030000e-08  1.80000000e+00  1.05030000e-08  5.26452859e-03 
 1.05070000e-08  1.80000000e+00  1.05070000e-08  3.36993546e-03 
 1.05150000e-08  1.80000000e+00  1.05150000e-08  1.31765313e-03 
 1.05250000e-08  1.80000000e+00  1.05250000e-08  3.94549794e-04 
 1.05350000e-08  1.80000000e+00  1.05350000e-08  1.23326746e-04 
 1.05450000e-08  1.80000000e+00  1.05450000e-08  4.22812233e-05 
 1.05550000e-08  1.80000000e+00  1.05550000e-08  1.58571847e-05 
 1.05650000e-08  1.80000000e+00  1.05650000e-08  7.28490608e-06 
 1.05750000e-08  1.80000000e+00  1.05750000e-08  3.45129689e-06 
 1.05850000e-08  1.80000000e+00  1.05850000e-08  2.29130622e-06 
 1.05950000e-08  1.80000000e+00  1.05950000e-08  1.24401906e-06 
 1.06050000e-08  1.80000000e+00  1.06050000e-08  1.22572496e-06 
 1.06150000e-08  1.80000000e+00  1.06150000e-08  7.32800215e-07 
 1.06250000e-08  1.80000000e+00  1.06250000e-08  9.19062109e-07 
 1.06350000e-08  1.80000000e+00  1.06350000e-08  5.62595986e-07 
 1.06450000e-08  1.80000000e+00  1.06450000e-08  8.16082461e-07 
 1.06550000e-08  1.80000000e+00  1.06550000e-08  5.09212076e-07 
 1.06650000e-08  1.80000000e+00  1.06650000e-08  7.80799096e-07 
 1.06750000e-08  1.80000000e+00  1.06750000e-08  4.93731676e-07 
 1.06850000e-08  1.80000000e+00  1.06850000e-08  7.67493359e-07 
 1.06950000e-08  1.80000000e+00  1.06950000e-08  4.90349964e-07 
 1.07050000e-08  1.80000000e+00  1.07050000e-08  7.61313245e-07 
 1.07150000e-08  1.80000000e+00  1.07150000e-08  4.90790482e-07 
 1.07250000e-08  1.80000000e+00  1.07250000e-08  7.57471936e-07 
 1.07350000e-08  1.80000000e+00  1.07350000e-08  4.92414038e-07 
 1.07450000e-08  1.80000000e+00  1.07450000e-08  7.54427122e-07 
 1.07550000e-08  1.80000000e+00  1.07550000e-08  4.94381233e-07 
 1.07650000e-08  1.80000000e+00  1.07650000e-08  7.51680401e-07 
 1.07750000e-08  1.80000000e+00  1.07750000e-08  4.96425913e-07 
 1.07850000e-08  1.80000000e+00  1.07850000e-08  7.49069615e-07 
 1.07950000e-08  1.80000000e+00  1.07950000e-08  4.98464281e-07 
 1.08050000e-08  1.80000000e+00  1.08050000e-08  7.46541186e-07 
 1.08150000e-08  1.80000000e+00  1.08150000e-08  5.00470490e-07 
 1.08250000e-08  1.80000000e+00  1.08250000e-08  7.17733694e-07 
 1.08350000e-08  1.80000000e+00  1.08350000e-08  4.67406469e-07 
 1.08450000e-08  1.80000000e+00  1.08450000e-08  7.30852360e-07 
 1.08550000e-08  1.80000000e+00  1.08550000e-08  5.01126084e-07 
 1.08650000e-08  1.80000000e+00  1.08650000e-08  7.12136436e-07 
 1.08750000e-08  1.80000000e+00  1.08750000e-08  4.71384326e-07 
 1.08850000e-08  1.80000000e+00  1.08850000e-08  7.00613247e-07 
 1.08950000e-08  1.80000000e+00  1.08950000e-08  4.70902900e-07 
 1.09050000e-08  1.80000000e+00  1.09050000e-08  6.97687150e-07 
 1.09150000e-08  1.80000000e+00  1.09150000e-08  4.72724941e-07 
 1.09250000e-08  1.80000000e+00  1.09250000e-08  6.95572976e-07 
 1.09350000e-08  1.80000000e+00  1.09350000e-08  4.74688516e-07 
 1.09450000e-08  1.80000000e+00  1.09450000e-08  6.93594274e-07 
 1.09550000e-08  1.80000000e+00  1.09550000e-08  4.76621283e-07 
 1.09650000e-08  1.80000000e+00  1.09650000e-08  6.91676439e-07 
 1.09750000e-08  1.80000000e+00  1.09750000e-08  4.78511529e-07 
 1.09850000e-08  1.80000000e+00  1.09850000e-08  6.89805409e-07 
 1.09950000e-08  1.80000000e+00  1.09950000e-08  4.80360152e-07 
 1.10050000e-08  1.80000000e+00  1.10050000e-08  6.87976497e-07 
 1.10150000e-08  1.80000000e+00  1.10150000e-08  4.82168640e-07 
 1.10250000e-08  1.80000000e+00  1.10250000e-08  6.86187458e-07 
 1.10350000e-08  1.80000000e+00  1.10350000e-08  4.83938242e-07 
 1.10450000e-08  1.80000000e+00  1.10450000e-08  6.84436877e-07 
 1.10550000e-08  1.80000000e+00  1.10550000e-08  4.85670028e-07 
 1.10650000e-08  1.80000000e+00  1.10650000e-08  6.82723659e-07 
 1.10750000e-08  1.80000000e+00  1.10750000e-08  4.87315438e-07 
 1.10850000e-08  1.80000000e+00  1.10850000e-08  6.80997494e-07 
 1.10950000e-08  1.80000000e+00  1.10950000e-08  4.89044117e-07 
 1.11050000e-08  1.80000000e+00  1.11050000e-08  6.79435206e-07 
 1.11150000e-08  1.80000000e+00  1.11150000e-08  4.90615669e-07 
 1.11250000e-08  1.80000000e+00  1.11250000e-08  6.77761215e-07 
 1.11350000e-08  1.80000000e+00  1.11350000e-08  4.92265233e-07 
 1.11450000e-08  1.80000000e+00  1.11450000e-08  6.76261255e-07 
 1.11550000e-08  1.80000000e+00  1.11550000e-08  4.93763524e-07 
 1.11650000e-08  1.80000000e+00  1.11650000e-08  6.74649722e-07 
 1.11750000e-08  1.80000000e+00  1.11750000e-08  4.95292165e-07 
 1.11850000e-08  1.80000000e+00  1.11850000e-08  6.73161193e-07 
 1.11950000e-08  1.80000000e+00  1.11950000e-08  4.96798229e-07 
 1.12050000e-08  1.80000000e+00  1.12050000e-08  6.71695837e-07 
 1.12150000e-08  1.80000000e+00  1.12150000e-08  4.98264999e-07 
 1.12250000e-08  1.80000000e+00  1.12250000e-08  6.70254823e-07 
 1.12350000e-08  1.80000000e+00  1.12350000e-08  4.99697506e-07 
 1.12450000e-08  1.80000000e+00  1.12450000e-08  6.68841209e-07 
 1.12550000e-08  1.80000000e+00  1.12550000e-08  5.01098867e-07 
 1.12650000e-08  1.80000000e+00  1.12650000e-08  6.67455930e-07 
 1.12750000e-08  1.80000000e+00  1.12750000e-08  5.02470706e-07 
 1.12850000e-08  1.80000000e+00  1.12850000e-08  6.66098926e-07 
 1.12950000e-08  1.80000000e+00  1.12950000e-08  5.03814047e-07 
 1.13050000e-08  1.80000000e+00  1.13050000e-08  6.64769759e-07 
 1.13150000e-08  1.80000000e+00  1.13150000e-08  5.05129672e-07 
 1.13250000e-08  1.80000000e+00  1.13250000e-08  6.63467862e-07 
 1.13350000e-08  1.80000000e+00  1.13350000e-08  5.06418269e-07 
 1.13450000e-08  1.80000000e+00  1.13450000e-08  6.62192632e-07 
 1.13550000e-08  1.80000000e+00  1.13550000e-08  5.07680484e-07 
 1.13650000e-08  1.80000000e+00  1.13650000e-08  6.60943460e-07 
 1.13750000e-08  1.80000000e+00  1.13750000e-08  5.08916932e-07 
 1.13850000e-08  1.80000000e+00  1.13850000e-08  6.59719745e-07 
 1.13950000e-08  1.80000000e+00  1.13950000e-08  5.10128215e-07 
 1.14050000e-08  1.80000000e+00  1.14050000e-08  6.58520899e-07 
 1.14150000e-08  1.80000000e+00  1.14150000e-08  5.11314914e-07 
 1.14250000e-08  1.80000000e+00  1.14250000e-08  6.57346348e-07 
 1.14350000e-08  1.80000000e+00  1.14350000e-08  5.12477598e-07 
 1.14450000e-08  1.80000000e+00  1.14450000e-08  6.56195530e-07 
 1.14550000e-08  1.80000000e+00  1.14550000e-08  5.13616820e-07 
 1.14650000e-08  1.80000000e+00  1.14650000e-08  6.55067901e-07 
 1.14750000e-08  1.80000000e+00  1.14750000e-08  5.14733122e-07 
 1.14850000e-08  1.80000000e+00  1.14850000e-08  6.53962929e-07 
 1.14950000e-08  1.80000000e+00  1.14950000e-08  5.15827030e-07 
 1.15050000e-08  1.80000000e+00  1.15050000e-08  6.52880088e-07 
 1.15150000e-08  1.80000000e+00  1.15150000e-08  5.16899055e-07 
 1.15250000e-08  1.80000000e+00  1.15250000e-08  6.51818876e-07 
 1.15350000e-08  1.80000000e+00  1.15350000e-08  5.17949701e-07 
 1.15450000e-08  1.80000000e+00  1.15450000e-08  6.50778797e-07 
 1.15550000e-08  1.80000000e+00  1.15550000e-08  5.18979455e-07 
 1.15650000e-08  1.80000000e+00  1.15650000e-08  6.49759368e-07 
 1.15750000e-08  1.80000000e+00  1.15750000e-08  5.19988793e-07 
 1.15850000e-08  1.80000000e+00  1.15850000e-08  6.48760119e-07 
 1.15950000e-08  1.80000000e+00  1.15950000e-08  5.20978182e-07 
 1.16050000e-08  1.80000000e+00  1.16050000e-08  6.47780592e-07 
 1.16150000e-08  1.80000000e+00  1.16150000e-08  5.21948073e-07 
 1.16250000e-08  1.80000000e+00  1.16250000e-08  6.46820337e-07 
 1.16350000e-08  1.80000000e+00  1.16350000e-08  5.22898909e-07 
 1.16450000e-08  1.80000000e+00  1.16450000e-08  6.45878919e-07 
 1.16550000e-08  1.80000000e+00  1.16550000e-08  5.23831122e-07 
 1.16650000e-08  1.80000000e+00  1.16650000e-08  6.44955912e-07 
 1.16750000e-08  1.80000000e+00  1.16750000e-08  5.24745132e-07 
 1.16850000e-08  1.80000000e+00  1.16850000e-08  6.44050900e-07 
 1.16950000e-08  1.80000000e+00  1.16950000e-08  5.25492715e-07 
 1.17050000e-08  1.80000000e+00  1.17050000e-08  6.43103906e-07 
 1.17150000e-08  1.80000000e+00  1.17150000e-08  5.26648120e-07 
 1.17250000e-08  1.80000000e+00  1.17250000e-08  6.42343039e-07 
 1.17350000e-08  1.80000000e+00  1.17350000e-08  5.27257384e-07 
 1.17450000e-08  1.80000000e+00  1.17450000e-08  6.41385932e-07 
 1.17550000e-08  1.80000000e+00  1.17550000e-08  5.28356696e-07 
 1.17650000e-08  1.80000000e+00  1.17650000e-08  6.40652339e-07 
 1.17750000e-08  1.80000000e+00  1.17750000e-08  5.28933126e-07 
 1.17850000e-08  1.80000000e+00  1.17850000e-08  6.39728588e-07 
 1.17950000e-08  1.80000000e+00  1.17950000e-08  5.29997434e-07 
 1.18050000e-08  1.80000000e+00  1.18050000e-08  6.39025866e-07 
 1.18150000e-08  1.80000000e+00  1.18150000e-08  5.30544726e-07 
 1.18250000e-08  1.80000000e+00  1.18250000e-08  6.38134204e-07 
 1.18350000e-08  1.80000000e+00  1.18350000e-08  5.31575921e-07 
 1.18450000e-08  1.80000000e+00  1.18450000e-08  6.37460909e-07 
 1.18550000e-08  1.80000000e+00  1.18550000e-08  5.32095487e-07 
 1.18650000e-08  1.80000000e+00  1.18650000e-08  6.36599892e-07 
 1.18750000e-08  1.80000000e+00  1.18750000e-08  5.33095033e-07 
 1.18850000e-08  1.80000000e+00  1.18850000e-08  6.35954703e-07 
 1.18950000e-08  1.80000000e+00  1.18950000e-08  5.33588129e-07 
 1.19050000e-08  1.80000000e+00  1.19050000e-08  6.35122990e-07 
 1.19150000e-08  1.80000000e+00  1.19150000e-08  5.34418533e-07 
 1.19250000e-08  1.80000000e+00  1.19250000e-08  6.34449011e-07 
 1.19350000e-08  1.80000000e+00  1.19350000e-08  5.35146970e-07 
 1.19450000e-08  1.80000000e+00  1.19450000e-08  6.33748402e-07 
 1.19550000e-08  1.80000000e+00  1.19550000e-08  5.35846919e-07 
 1.19650000e-08  1.80000000e+00  1.19650000e-08  6.33057165e-07 
 1.19750000e-08  1.80000000e+00  1.19750000e-08  5.36532154e-07 
 1.19850000e-08  1.80000000e+00  1.19850000e-08  6.32378631e-07 
 1.19950000e-08  1.80000000e+00  1.19950000e-08  5.37204401e-07 
 1.20050000e-08  1.80000000e+00  1.20050000e-08  6.31712720e-07 
 1.20150000e-08  1.80000000e+00  1.20150000e-08  5.37864140e-07 
 1.20250000e-08  1.80000000e+00  1.20250000e-08  6.31059129e-07 
 1.20350000e-08  1.80000000e+00  1.20350000e-08  5.38511699e-07 
 1.20450000e-08  1.80000000e+00  1.20450000e-08  6.30417570e-07 
 1.20550000e-08  1.80000000e+00  1.20550000e-08  5.39147359e-07 
 1.20650000e-08  1.80000000e+00  1.20650000e-08  6.29787774e-07 
 1.20750000e-08  1.80000000e+00  1.20750000e-08  5.39771385e-07 
 1.20850000e-08  1.80000000e+00  1.20850000e-08  6.29169483e-07 
 1.20950000e-08  1.80000000e+00  1.20950000e-08  5.40384033e-07 
 1.21050000e-08  1.80000000e+00  1.21050000e-08  6.28562445e-07 
 1.21150000e-08  1.80000000e+00  1.21150000e-08  5.40985547e-07 
 1.21250000e-08  1.80000000e+00  1.21250000e-08  6.27966419e-07 
 1.21350000e-08  1.80000000e+00  1.21350000e-08  5.41576170e-07 
 1.21450000e-08  1.80000000e+00  1.21450000e-08  6.27381166e-07 
 1.21550000e-08  1.80000000e+00  1.21550000e-08  5.42156135e-07 
 1.21650000e-08  1.80000000e+00  1.21650000e-08  6.26806455e-07 
 1.21750000e-08  1.80000000e+00  1.21750000e-08  5.42725671e-07 
 1.21850000e-08  1.80000000e+00  1.21850000e-08  6.26242061e-07 
 1.21950000e-08  1.80000000e+00  1.21950000e-08  5.43285001e-07 
 1.22050000e-08  1.80000000e+00  1.22050000e-08  6.25687764e-07 
 1.22150000e-08  1.80000000e+00  1.22150000e-08  5.43834343e-07 
 1.22250000e-08  1.80000000e+00  1.22250000e-08  6.25143348e-07 
 1.22350000e-08  1.80000000e+00  1.22350000e-08  5.44373910e-07 
 1.22450000e-08  1.80000000e+00  1.22450000e-08  6.24608601e-07 
 1.22550000e-08  1.80000000e+00  1.22550000e-08  5.44903907e-07 
 1.22650000e-08  1.80000000e+00  1.22650000e-08  6.24083320e-07 
 1.22750000e-08  1.80000000e+00  1.22750000e-08  5.45424541e-07 
 1.22850000e-08  1.80000000e+00  1.22850000e-08  6.23567303e-07 
 1.22950000e-08  1.80000000e+00  1.22950000e-08  5.45936007e-07 
 1.23050000e-08  1.80000000e+00  1.23050000e-08  6.23060357e-07 
 1.23150000e-08  1.80000000e+00  1.23150000e-08  5.46438500e-07 
 1.23250000e-08  1.80000000e+00  1.23250000e-08  6.22562288e-07 
 1.23350000e-08  1.80000000e+00  1.23350000e-08  5.46932209e-07 
 1.23450000e-08  1.80000000e+00  1.23450000e-08  6.22072910e-07 
 1.23550000e-08  1.80000000e+00  1.23550000e-08  5.47417318e-07 
 1.23650000e-08  1.80000000e+00  1.23650000e-08  6.21592043e-07 
 1.23750000e-08  1.80000000e+00  1.23750000e-08  5.47894007e-07 
 1.23850000e-08  1.80000000e+00  1.23850000e-08  6.21119506e-07 
 1.23950000e-08  1.80000000e+00  1.23950000e-08  5.48362454e-07 
 1.24050000e-08  1.80000000e+00  1.24050000e-08  6.20655126e-07 
 1.24150000e-08  1.80000000e+00  1.24150000e-08  5.48822826e-07 
 1.24250000e-08  1.80000000e+00  1.24250000e-08  6.20198732e-07 
 1.24350000e-08  1.80000000e+00  1.24350000e-08  5.49275297e-07 
 1.24450000e-08  1.80000000e+00  1.24450000e-08  6.19750160e-07 
 1.24550000e-08  1.80000000e+00  1.24550000e-08  5.49720026e-07 
 1.24650000e-08  1.80000000e+00  1.24650000e-08  6.19309247e-07 
 1.24750000e-08  1.80000000e+00  1.24750000e-08  5.50157175e-07 
 1.24850000e-08  1.80000000e+00  1.24850000e-08  6.18875834e-07 
 1.24950000e-08  1.80000000e+00  1.24950000e-08  5.50586902e-07 
 1.25050000e-08  1.80000000e+00  1.25050000e-08  6.18449767e-07 
 1.25150000e-08  1.80000000e+00  1.25150000e-08  5.51009360e-07 
 1.25250000e-08  1.80000000e+00  1.25250000e-08  6.18030896e-07 
 1.25350000e-08  1.80000000e+00  1.25350000e-08  5.51424696e-07 
 1.25450000e-08  1.80000000e+00  1.25450000e-08  6.17619071e-07 
 1.25550000e-08  1.80000000e+00  1.25550000e-08  5.51833057e-07 
 1.25650000e-08  1.80000000e+00  1.25650000e-08  6.17214148e-07 
 1.25750000e-08  1.80000000e+00  1.25750000e-08  5.52234587e-07 
 1.25850000e-08  1.80000000e+00  1.25850000e-08  6.16815989e-07 
 1.25950000e-08  1.80000000e+00  1.25950000e-08  5.52629424e-07 
 1.26050000e-08  1.80000000e+00  1.26050000e-08  6.16424451e-07 
 1.26150000e-08  1.80000000e+00  1.26150000e-08  5.53017704e-07 
 1.26250000e-08  1.80000000e+00  1.26250000e-08  6.16039404e-07 
 1.26350000e-08  1.80000000e+00  1.26350000e-08  5.53399561e-07 
 1.26450000e-08  1.80000000e+00  1.26450000e-08  6.15660715e-07 
 1.26550000e-08  1.80000000e+00  1.26550000e-08  5.53775125e-07 
 1.26650000e-08  1.80000000e+00  1.26650000e-08  6.15288256e-07 
 1.26750000e-08  1.80000000e+00  1.26750000e-08  5.54144521e-07 
 1.26850000e-08  1.80000000e+00  1.26850000e-08  6.14921899e-07 
 1.26950000e-08  1.80000000e+00  1.26950000e-08  5.54507877e-07 
 1.27050000e-08  1.80000000e+00  1.27050000e-08  6.14561524e-07 
 1.27150000e-08  1.80000000e+00  1.27150000e-08  5.54865313e-07 
 1.27250000e-08  1.80000000e+00  1.27250000e-08  6.14207010e-07 
 1.27350000e-08  1.80000000e+00  1.27350000e-08  5.55216944e-07 
 1.27450000e-08  1.80000000e+00  1.27450000e-08  6.13858239e-07 
 1.27550000e-08  1.80000000e+00  1.27550000e-08  5.55562890e-07 
 1.27650000e-08  1.80000000e+00  1.27650000e-08  6.13515097e-07 
 1.27750000e-08  1.80000000e+00  1.27750000e-08  5.55903264e-07 
 1.27850000e-08  1.80000000e+00  1.27850000e-08  6.13177472e-07 
 1.27950000e-08  1.80000000e+00  1.27950000e-08  5.56238175e-07 
 1.28050000e-08  1.80000000e+00  1.28050000e-08  6.12845253e-07 
 1.28150000e-08  1.80000000e+00  1.28150000e-08  5.56567731e-07 
 1.28250000e-08  1.80000000e+00  1.28250000e-08  6.12518336e-07 
 1.28350000e-08  1.80000000e+00  1.28350000e-08  5.56892042e-07 
 1.28450000e-08  1.80000000e+00  1.28450000e-08  6.12196615e-07 
 1.28550000e-08  1.80000000e+00  1.28550000e-08  5.57211208e-07 
 1.28650000e-08  1.80000000e+00  1.28650000e-08  6.11879986e-07 
 1.28750000e-08  1.80000000e+00  1.28750000e-08  5.57525330e-07 
 1.28850000e-08  1.80000000e+00  1.28850000e-08  6.11568351e-07 
 1.28950000e-08  1.80000000e+00  1.28950000e-08  5.57834508e-07 
 1.29050000e-08  1.80000000e+00  1.29050000e-08  6.11261611e-07 
 1.29150000e-08  1.80000000e+00  1.29150000e-08  5.58138840e-07 
 1.29250000e-08  1.80000000e+00  1.29250000e-08  6.10959672e-07 
 1.29350000e-08  1.80000000e+00  1.29350000e-08  5.58438417e-07 
 1.29450000e-08  1.80000000e+00  1.29450000e-08  6.10662438e-07 
 1.29550000e-08  1.80000000e+00  1.29550000e-08  5.58733336e-07 
 1.29650000e-08  1.80000000e+00  1.29650000e-08  6.10369820e-07 
 1.29750000e-08  1.80000000e+00  1.29750000e-08  5.59023683e-07 
 1.29850000e-08  1.80000000e+00  1.29850000e-08  6.10081725e-07 
 1.29950000e-08  1.80000000e+00  1.29950000e-08  5.59309547e-07 
 1.30050000e-08  1.80000000e+00  1.30050000e-08  6.09798071e-07 
 1.30150000e-08  1.80000000e+00  1.30150000e-08  5.59591019e-07 
 1.30250000e-08  1.80000000e+00  1.30250000e-08  6.09518768e-07 
 1.30350000e-08  1.80000000e+00  1.30350000e-08  5.59868180e-07 
 1.30450000e-08  1.80000000e+00  1.30450000e-08  6.09243734e-07 
 1.30550000e-08  1.80000000e+00  1.30550000e-08  5.60141111e-07 
 1.30650000e-08  1.80000000e+00  1.30650000e-08  6.08972887e-07 
 1.30750000e-08  1.80000000e+00  1.30750000e-08  5.60409896e-07 
 1.30850000e-08  1.80000000e+00  1.30850000e-08  6.08706147e-07 
 1.30950000e-08  1.80000000e+00  1.30950000e-08  5.60674614e-07 
 1.31050000e-08  1.80000000e+00  1.31050000e-08  6.08443436e-07 
 1.31150000e-08  1.80000000e+00  1.31150000e-08  5.60935341e-07 
 1.31250000e-08  1.80000000e+00  1.31250000e-08  6.08184678e-07 
 1.31350000e-08  1.80000000e+00  1.31350000e-08  5.61192155e-07 
 1.31450000e-08  1.80000000e+00  1.31450000e-08  6.07929796e-07 
 1.31550000e-08  1.80000000e+00  1.31550000e-08  5.61445125e-07 
 1.31650000e-08  1.80000000e+00  1.31650000e-08  6.07678719e-07 
 1.31750000e-08  1.80000000e+00  1.31750000e-08  5.61694329e-07 
 1.31850000e-08  1.80000000e+00  1.31850000e-08  6.07431375e-07 
 1.31950000e-08  1.80000000e+00  1.31950000e-08  5.61939834e-07 
 1.32050000e-08  1.80000000e+00  1.32050000e-08  6.07187693e-07 
 1.32150000e-08  1.80000000e+00  1.32150000e-08  5.62181712e-07 
 1.32250000e-08  1.80000000e+00  1.32250000e-08  6.06947604e-07 
 1.32350000e-08  1.80000000e+00  1.32350000e-08  5.62420031e-07 
 1.32450000e-08  1.80000000e+00  1.32450000e-08  6.06711044e-07 
 1.32550000e-08  1.80000000e+00  1.32550000e-08  5.62654855e-07 
 1.32650000e-08  1.80000000e+00  1.32650000e-08  6.06477943e-07 
 1.32750000e-08  1.80000000e+00  1.32750000e-08  5.62886249e-07 
 1.32850000e-08  1.80000000e+00  1.32850000e-08  6.06248241e-07 
 1.32950000e-08  1.80000000e+00  1.32950000e-08  5.63114277e-07 
 1.33050000e-08  1.80000000e+00  1.33050000e-08  6.06021871e-07 
 1.33150000e-08  1.80000000e+00  1.33150000e-08  5.63339005e-07 
 1.33250000e-08  1.80000000e+00  1.33250000e-08  6.05798774e-07 
 1.33350000e-08  1.80000000e+00  1.33350000e-08  5.63560489e-07 
 1.33450000e-08  1.80000000e+00  1.33450000e-08  6.05578890e-07 
 1.33550000e-08  1.80000000e+00  1.33550000e-08  5.63778791e-07 
 1.33650000e-08  1.80000000e+00  1.33650000e-08  6.05362159e-07 
 1.33750000e-08  1.80000000e+00  1.33750000e-08  5.63993967e-07 
 1.33850000e-08  1.80000000e+00  1.33850000e-08  6.05148524e-07 
 1.33950000e-08  1.80000000e+00  1.33950000e-08  5.64206077e-07 
 1.34050000e-08  1.80000000e+00  1.34050000e-08  6.04937927e-07 
 1.34150000e-08  1.80000000e+00  1.34150000e-08  5.64415173e-07 
 1.34250000e-08  1.80000000e+00  1.34250000e-08  6.04730315e-07 
 1.34350000e-08  1.80000000e+00  1.34350000e-08  5.64621314e-07 
 1.34450000e-08  1.80000000e+00  1.34450000e-08  6.04525634e-07 
 1.34550000e-08  1.80000000e+00  1.34550000e-08  5.64824551e-07 
 1.34650000e-08  1.80000000e+00  1.34650000e-08  6.04323829e-07 
 1.34750000e-08  1.80000000e+00  1.34750000e-08  5.65024938e-07 
 1.34850000e-08  1.80000000e+00  1.34850000e-08  6.04124849e-07 
 1.34950000e-08  1.80000000e+00  1.34950000e-08  5.65222524e-07 
 1.35050000e-08  1.80000000e+00  1.35050000e-08  6.03928644e-07 
 1.35150000e-08  1.80000000e+00  1.35150000e-08  5.65417361e-07 
 1.35250000e-08  1.80000000e+00  1.35250000e-08  6.03735166e-07 
 1.35350000e-08  1.80000000e+00  1.35350000e-08  5.65609496e-07 
 1.35450000e-08  1.80000000e+00  1.35450000e-08  6.03544361e-07 
 1.35550000e-08  1.80000000e+00  1.35550000e-08  5.65798980e-07 
 1.35650000e-08  1.80000000e+00  1.35650000e-08  6.03356186e-07 
 1.35750000e-08  1.80000000e+00  1.35750000e-08  5.65985860e-07 
 1.35850000e-08  1.80000000e+00  1.35850000e-08  6.03170594e-07 
 1.35950000e-08  1.80000000e+00  1.35950000e-08  5.66170178e-07 
 1.36050000e-08  1.80000000e+00  1.36050000e-08  6.02987537e-07 
 1.36150000e-08  1.80000000e+00  1.36150000e-08  5.66351984e-07 
 1.36250000e-08  1.80000000e+00  1.36250000e-08  6.02806972e-07 
 1.36350000e-08  1.80000000e+00  1.36350000e-08  5.66531319e-07 
 1.36450000e-08  1.80000000e+00  1.36450000e-08  6.02628856e-07 
 1.36550000e-08  1.80000000e+00  1.36550000e-08  5.66708227e-07 
 1.36650000e-08  1.80000000e+00  1.36650000e-08  6.02453144e-07 
 1.36750000e-08  1.80000000e+00  1.36750000e-08  5.66882753e-07 
 1.36850000e-08  1.80000000e+00  1.36850000e-08  6.02279796e-07 
 1.36950000e-08  1.80000000e+00  1.36950000e-08  5.67054935e-07 
 1.37050000e-08  1.80000000e+00  1.37050000e-08  6.02108769e-07 
 1.37150000e-08  1.80000000e+00  1.37150000e-08  5.67224815e-07 
 1.37250000e-08  1.80000000e+00  1.37250000e-08  6.01940025e-07 
 1.37350000e-08  1.80000000e+00  1.37350000e-08  5.67392433e-07 
 1.37450000e-08  1.80000000e+00  1.37450000e-08  6.01773521e-07 
 1.37550000e-08  1.80000000e+00  1.37550000e-08  5.67557828e-07 
 1.37650000e-08  1.80000000e+00  1.37650000e-08  6.01609224e-07 
 1.37750000e-08  1.80000000e+00  1.37750000e-08  5.67721040e-07 
 1.37850000e-08  1.80000000e+00  1.37850000e-08  6.01447092e-07 
 1.37950000e-08  1.80000000e+00  1.37950000e-08  5.67882103e-07 
 1.38050000e-08  1.80000000e+00  1.38050000e-08  6.01287088e-07 
 1.38150000e-08  1.80000000e+00  1.38150000e-08  5.68041056e-07 
 1.38250000e-08  1.80000000e+00  1.38250000e-08  6.01129177e-07 
 1.38350000e-08  1.80000000e+00  1.38350000e-08  5.68197934e-07 
 1.38450000e-08  1.80000000e+00  1.38450000e-08  6.00973322e-07 
 1.38550000e-08  1.80000000e+00  1.38550000e-08  5.68352773e-07 
 1.38650000e-08  1.80000000e+00  1.38650000e-08  6.00819489e-07 
 1.38750000e-08  1.80000000e+00  1.38750000e-08  5.68505608e-07 
 1.38850000e-08  1.80000000e+00  1.38850000e-08  6.00667645e-07 
 1.38950000e-08  1.80000000e+00  1.38950000e-08  5.68656470e-07 
 1.39050000e-08  1.80000000e+00  1.39050000e-08  6.00517754e-07 
 1.39150000e-08  1.80000000e+00  1.39150000e-08  5.68805396e-07 
 1.39250000e-08  1.80000000e+00  1.39250000e-08  6.00369786e-07 
 1.39350000e-08  1.80000000e+00  1.39350000e-08  5.68952415e-07 
 1.39450000e-08  1.80000000e+00  1.39450000e-08  6.00223706e-07 
 1.39550000e-08  1.80000000e+00  1.39550000e-08  5.69097562e-07 
 1.39650000e-08  1.80000000e+00  1.39650000e-08  6.00079485e-07 
 1.39750000e-08  1.80000000e+00  1.39750000e-08  5.69240865e-07 
 1.39850000e-08  1.80000000e+00  1.39850000e-08  5.99937089e-07 
 1.39950000e-08  1.80000000e+00  1.39950000e-08  5.69382357e-07 
 1.40050000e-08  1.80000000e+00  1.40050000e-08  5.99796492e-07 
 1.40150000e-08  1.80000000e+00  1.40150000e-08  5.69522067e-07 
 1.40250000e-08  1.80000000e+00  1.40250000e-08  5.99657661e-07 
 1.40350000e-08  1.80000000e+00  1.40350000e-08  5.69660024e-07 
 1.40450000e-08  1.80000000e+00  1.40450000e-08  5.99520569e-07 
 1.40550000e-08  1.80000000e+00  1.40550000e-08  5.69796258e-07 
 1.40650000e-08  1.80000000e+00  1.40650000e-08  5.99385187e-07 
 1.40750000e-08  1.80000000e+00  1.40750000e-08  5.69930797e-07 
 1.40850000e-08  1.80000000e+00  1.40850000e-08  5.99251485e-07 
 1.40950000e-08  1.80000000e+00  1.40950000e-08  5.70063666e-07 
 1.41050000e-08  1.80000000e+00  1.41050000e-08  5.99119437e-07 
 1.41150000e-08  1.80000000e+00  1.41150000e-08  5.70194896e-07 
 1.41250000e-08  1.80000000e+00  1.41250000e-08  5.98989017e-07 
 1.41350000e-08  1.80000000e+00  1.41350000e-08  5.70324512e-07 
 1.41450000e-08  1.80000000e+00  1.41450000e-08  5.98860199e-07 
 1.41550000e-08  1.80000000e+00  1.41550000e-08  5.70452539e-07 
 1.41650000e-08  1.80000000e+00  1.41650000e-08  5.98732955e-07 
 1.41750000e-08  1.80000000e+00  1.41750000e-08  5.70579006e-07 
 1.41850000e-08  1.80000000e+00  1.41850000e-08  5.98607262e-07 
 1.41950000e-08  1.80000000e+00  1.41950000e-08  5.70703933e-07 
 1.42050000e-08  1.80000000e+00  1.42050000e-08  5.98483093e-07 
 1.42150000e-08  1.80000000e+00  1.42150000e-08  5.70827348e-07 
 1.42250000e-08  1.80000000e+00  1.42250000e-08  5.98360424e-07 
 1.42350000e-08  1.80000000e+00  1.42350000e-08  5.70949274e-07 
 1.42450000e-08  1.80000000e+00  1.42450000e-08  5.98239232e-07 
 1.42550000e-08  1.80000000e+00  1.42550000e-08  5.71069735e-07 
 1.42650000e-08  1.80000000e+00  1.42650000e-08  5.98119495e-07 
 1.42750000e-08  1.80000000e+00  1.42750000e-08  5.71188755e-07 
 1.42850000e-08  1.80000000e+00  1.42850000e-08  5.98001188e-07 
 1.42950000e-08  1.80000000e+00  1.42950000e-08  5.71306354e-07 
 1.43050000e-08  1.80000000e+00  1.43050000e-08  5.97884289e-07 
 1.43150000e-08  1.80000000e+00  1.43150000e-08  5.71422557e-07 
 1.43250000e-08  1.80000000e+00  1.43250000e-08  5.97768775e-07 
 1.43350000e-08  1.80000000e+00  1.43350000e-08  5.71537386e-07 
 1.43450000e-08  1.80000000e+00  1.43450000e-08  5.97654625e-07 
 1.43550000e-08  1.80000000e+00  1.43550000e-08  5.71650861e-07 
 1.43650000e-08  1.80000000e+00  1.43650000e-08  5.97541819e-07 
 1.43750000e-08  1.80000000e+00  1.43750000e-08  5.71763002e-07 
 1.43850000e-08  1.80000000e+00  1.43850000e-08  5.97430334e-07 
 1.43950000e-08  1.80000000e+00  1.43950000e-08  5.71873832e-07 
 1.44050000e-08  1.80000000e+00  1.44050000e-08  5.97320152e-07 
 1.44150000e-08  1.80000000e+00  1.44150000e-08  5.72038519e-07 
 1.44250000e-08  1.80000000e+00  1.44250000e-08  5.97266214e-07 
 1.44350000e-08  1.80000000e+00  1.44350000e-08  5.72071727e-07 
 1.44450000e-08  1.80000000e+00  1.44450000e-08  5.97073142e-07 
 1.44550000e-08  1.80000000e+00  1.44550000e-08  5.72177488e-07 
 1.44650000e-08  1.80000000e+00  1.44650000e-08  5.96981918e-07 
 1.44750000e-08  1.80000000e+00  1.44750000e-08  5.72350301e-07 
 1.44850000e-08  1.80000000e+00  1.44850000e-08  5.96940508e-07 
 1.44950000e-08  1.80000000e+00  1.44950000e-08  5.72386046e-07 
 1.45050000e-08  1.80000000e+00  1.45050000e-08  5.96755676e-07 
 1.45150000e-08  1.80000000e+00  1.45150000e-08  5.72544099e-07 
 1.45250000e-08  1.80000000e+00  1.45250000e-08  5.96723002e-07 
 1.45350000e-08  1.80000000e+00  1.45350000e-08  5.72586039e-07 
 1.45450000e-08  1.80000000e+00  1.45450000e-08  5.96547718e-07 
 1.45550000e-08  1.80000000e+00  1.45550000e-08  5.72745228e-07 
 1.45650000e-08  1.80000000e+00  1.45650000e-08  5.96519448e-07 
 1.45750000e-08  1.80000000e+00  1.45750000e-08  5.72786362e-07 
 1.45850000e-08  1.80000000e+00  1.45850000e-08  5.96347573e-07 
 1.45950000e-08  1.80000000e+00  1.45950000e-08  5.72943582e-07 
 1.46050000e-08  1.80000000e+00  1.46050000e-08  5.96321660e-07 
 1.46150000e-08  1.80000000e+00  1.46150000e-08  5.72982774e-07 
 1.46250000e-08  1.80000000e+00  1.46250000e-08  5.96152288e-07 
 1.46350000e-08  1.80000000e+00  1.46350000e-08  5.73137707e-07 
 1.46450000e-08  1.80000000e+00  1.46450000e-08  5.96128424e-07 
 1.46550000e-08  1.80000000e+00  1.46550000e-08  5.73174887e-07 
 1.46650000e-08  1.80000000e+00  1.46650000e-08  5.95961388e-07 
 1.46750000e-08  1.80000000e+00  1.46750000e-08  5.73327551e-07 
 1.46850000e-08  1.80000000e+00  1.46850000e-08  5.95939477e-07 
 1.46950000e-08  1.80000000e+00  1.46950000e-08  5.73362764e-07 
 1.47050000e-08  1.80000000e+00  1.47050000e-08  5.95774702e-07 
 1.47150000e-08  1.80000000e+00  1.47150000e-08  5.73513216e-07 
 1.47250000e-08  1.80000000e+00  1.47250000e-08  5.95754679e-07 
 1.47350000e-08  1.80000000e+00  1.47350000e-08  5.73546525e-07 
 1.47450000e-08  1.80000000e+00  1.47450000e-08  5.95592101e-07 
 1.47550000e-08  1.80000000e+00  1.47550000e-08  5.73694829e-07 
 1.47650000e-08  1.80000000e+00  1.47650000e-08  5.95573912e-07 
 1.47750000e-08  1.80000000e+00  1.47750000e-08  5.73726288e-07 
 1.47850000e-08  1.80000000e+00  1.47850000e-08  5.95413469e-07 
 1.47950000e-08  1.80000000e+00  1.47950000e-08  5.73872503e-07 
 1.48050000e-08  1.80000000e+00  1.48050000e-08  5.95397053e-07 
 1.48150000e-08  1.80000000e+00  1.48150000e-08  5.73902167e-07 
 1.48250000e-08  1.80000000e+00  1.48250000e-08  5.95238691e-07 
 1.48350000e-08  1.80000000e+00  1.48350000e-08  5.74046350e-07 
 1.48450000e-08  1.80000000e+00  1.48450000e-08  5.95223996e-07 
 1.48550000e-08  1.80000000e+00  1.48550000e-08  5.74074276e-07 
 1.48650000e-08  1.80000000e+00  1.48650000e-08  5.95067657e-07 
 1.48750000e-08  1.80000000e+00  1.48750000e-08  5.74216480e-07 
 1.48850000e-08  1.80000000e+00  1.48850000e-08  5.95054631e-07 
 1.48950000e-08  1.80000000e+00  1.48950000e-08  5.74242718e-07 
 1.49050000e-08  1.80000000e+00  1.49050000e-08  5.94900261e-07 
 1.49150000e-08  1.80000000e+00  1.49150000e-08  5.74382998e-07 
 1.49250000e-08  1.80000000e+00  1.49250000e-08  5.94888853e-07 
 1.49350000e-08  1.80000000e+00  1.49350000e-08  5.74407598e-07 
 1.49450000e-08  1.80000000e+00  1.49450000e-08  5.94736400e-07 
 1.49550000e-08  1.80000000e+00  1.49550000e-08  5.74546005e-07 
 1.49650000e-08  1.80000000e+00  1.49650000e-08  5.94726563e-07 
 1.49750000e-08  1.80000000e+00  1.49750000e-08  5.74569016e-07 
 1.49850000e-08  1.80000000e+00  1.49850000e-08  5.94575976e-07 
 1.49950000e-08  1.80000000e+00  1.49950000e-08  5.74705599e-07 
 1.50000000e-08  1.80000000e+00  1.50000000e-08  5.94528846e-07 
