 0.00000000e+00  0.00000000e+00  0.00000000e+00  1.79999998e+00 
 1.00000000e-13  3.60000000e-04  1.00000000e-13  1.80002059e+00 
 2.00000000e-13  7.20000000e-04  2.00000000e-13  1.80003924e+00 
 4.00000000e-13  1.44000000e-03  4.00000000e-13  1.80007777e+00 
 8.00000000e-13  2.88000000e-03  8.00000000e-13  1.80016714e+00 
 1.60000000e-12  5.76000000e-03  1.60000000e-12  1.80038742e+00 
 3.20000000e-12  1.15200000e-02  3.20000000e-12  1.80092595e+00 
 6.40000000e-12  2.30400000e-02  6.40000000e-12  1.80211836e+00 
 1.28000000e-11  4.60800000e-02  1.28000000e-11  1.80424881e+00 
 2.28000000e-11  8.20800000e-02  2.28000000e-11  1.80655335e+00 
 3.28000000e-11  1.18080000e-01  3.28000000e-11  1.80800842e+00 
 4.28000000e-11  1.54080000e-01  4.28000000e-11  1.80897003e+00 
 5.28000000e-11  1.90080000e-01  5.28000000e-11  1.80963963e+00 
 6.28000000e-11  2.26080000e-01  6.28000000e-11  1.81016300e+00 
 7.28000000e-11  2.62080000e-01  7.28000000e-11  1.81061844e+00 
 8.28000000e-11  2.98080000e-01  8.28000000e-11  1.81105378e+00 
 9.28000000e-11  3.34080000e-01  9.28000000e-11  1.81149695e+00 
 1.02800000e-10  3.70080000e-01  1.02800000e-10  1.81196734e+00 
 1.12800000e-10  4.06080000e-01  1.12800000e-10  1.81247682e+00 
 1.22800000e-10  4.42080000e-01  1.22800000e-10  1.81303311e+00 
 1.32800000e-10  4.78080000e-01  1.32800000e-10  1.81363435e+00 
 1.42800000e-10  5.14080000e-01  1.42800000e-10  1.81426320e+00 
 1.52800000e-10  5.50080000e-01  1.52800000e-10  1.81486616e+00 
 1.62800000e-10  5.86080000e-01  1.62800000e-10  1.81532368e+00 
 1.72800000e-10  6.22080000e-01  1.72800000e-10  1.81540750e+00 
 1.82800000e-10  6.58080000e-01  1.82800000e-10  1.81483435e+00 
 1.92800000e-10  6.94080000e-01  1.92800000e-10  1.81298265e+00 
 2.02800000e-10  7.30080000e-01  2.02800000e-10  1.80916855e+00 
 2.12800000e-10  7.66080000e-01  2.12800000e-10  1.80263995e+00 
 2.22800000e-10  8.02080000e-01  2.22800000e-10  1.79267103e+00 
 2.32800000e-10  8.38080000e-01  2.32800000e-10  1.77865803e+00 
 2.42800000e-10  8.74080000e-01  2.42800000e-10  1.76012251e+00 
 2.52800000e-10  9.10080000e-01  2.52800000e-10  1.73610931e+00 
 2.62800000e-10  9.46080000e-01  2.62800000e-10  1.70528721e+00 
 2.72800000e-10  9.82080000e-01  2.72800000e-10  1.66581573e+00 
 2.82800000e-10  1.01808000e+00  2.82800000e-10  1.61523965e+00 
 2.92800000e-10  1.05408000e+00  2.92800000e-10  1.55224167e+00 
 3.02800000e-10  1.09008000e+00  3.02800000e-10  1.47702033e+00 
 3.12800000e-10  1.12608000e+00  3.12800000e-10  1.38958539e+00 
 3.22800000e-10  1.16208000e+00  3.22800000e-10  1.28902031e+00 
 3.32800000e-10  1.19808000e+00  3.32800000e-10  1.17288659e+00 
 3.42800000e-10  1.23408000e+00  3.42800000e-10  1.03382091e+00 
 3.52800000e-10  1.27008000e+00  3.52800000e-10  8.46499340e-01 
 3.62800000e-10  1.30608000e+00  3.62800000e-10  5.94452863e-01 
 3.72800000e-10  1.34208000e+00  3.72800000e-10  3.29539356e-01 
 3.82800000e-10  1.37808000e+00  3.82800000e-10  1.57488775e-01 
 3.92800000e-10  1.41408000e+00  3.92800000e-10  7.71571237e-02 
 4.02800000e-10  1.45008000e+00  4.02800000e-10  4.24815448e-02 
 4.12800000e-10  1.48608000e+00  4.12800000e-10  2.81844232e-02 
 4.22800000e-10  1.52208000e+00  4.22800000e-10  2.12306567e-02 
 4.32800000e-10  1.55808000e+00  4.32800000e-10  1.76007849e-02 
 4.42800000e-10  1.59408000e+00  4.42800000e-10  1.52630691e-02 
 4.52800000e-10  1.63008000e+00  4.52800000e-10  1.37119957e-02 
 4.62800000e-10  1.66608000e+00  4.62800000e-10  1.25554850e-02 
 4.72800000e-10  1.70208000e+00  4.72800000e-10  1.16800702e-02 
 4.82800000e-10  1.73808000e+00  4.82800000e-10  1.09897030e-02 
 4.92800000e-10  1.77408000e+00  4.92800000e-10  1.04245172e-02 
 5.00000000e-10  1.80000000e+00  5.00000000e-10  1.00913917e-02 
 5.01000000e-10  1.80000000e+00  5.01000000e-10  9.44447379e-03 
 5.03000000e-10  1.80000000e+00  5.03000000e-10  8.26000912e-03 
 5.07000000e-10  1.80000000e+00  5.07000000e-10  6.47392428e-03 
 5.15000000e-10  1.80000000e+00  5.15000000e-10  4.52698290e-03 
 5.25000000e-10  1.80000000e+00  5.25000000e-10  3.53745447e-03 
 5.35000000e-10  1.80000000e+00  5.35000000e-10  3.08077617e-03 
 5.45000000e-10  1.80000000e+00  5.45000000e-10  2.78522602e-03 
 5.55000000e-10  1.80000000e+00  5.55000000e-10  2.55444916e-03 
 5.65000000e-10  1.80000000e+00  5.65000000e-10  2.36176594e-03 
 5.75000000e-10  1.80000000e+00  5.75000000e-10  2.19575241e-03 
 5.85000000e-10  1.80000000e+00  5.85000000e-10  2.05110019e-03 
 5.95000000e-10  1.80000000e+00  5.95000000e-10  1.92345611e-03 
 6.05000000e-10  1.80000000e+00  6.05000000e-10  1.81031008e-03 
 6.15000000e-10  1.80000000e+00  6.15000000e-10  1.70904913e-03 
 6.25000000e-10  1.80000000e+00  6.25000000e-10  1.61821203e-03 
 6.35000000e-10  1.80000000e+00  6.35000000e-10  1.53601697e-03 
 6.45000000e-10  1.80000000e+00  6.45000000e-10  1.46158713e-03 
 6.55000000e-10  1.80000000e+00  6.55000000e-10  1.39361798e-03 
 6.65000000e-10  1.80000000e+00  6.65000000e-10  1.33159591e-03 
 6.75000000e-10  1.80000000e+00  6.75000000e-10  1.27451095e-03 
 6.85000000e-10  1.80000000e+00  6.85000000e-10  1.22208729e-03 
 6.95000000e-10  1.80000000e+00  6.95000000e-10  1.17350523e-03 
 7.05000000e-10  1.80000000e+00  7.05000000e-10  1.12865034e-03 
 7.15000000e-10  1.80000000e+00  7.15000000e-10  1.08683010e-03 
 7.25000000e-10  1.80000000e+00  7.25000000e-10  1.04804283e-03 
 7.35000000e-10  1.80000000e+00  7.35000000e-10  1.01168339e-03 
 7.45000000e-10  1.80000000e+00  7.45000000e-10  9.77830841e-04 
 7.55000000e-10  1.80000000e+00  7.55000000e-10  9.45941480e-04 
 7.65000000e-10  1.80000000e+00  7.65000000e-10  9.16153449e-04 
 7.75000000e-10  1.80000000e+00  7.75000000e-10  8.87967099e-04 
 7.85000000e-10  1.80000000e+00  7.85000000e-10  8.61564676e-04 
 7.95000000e-10  1.80000000e+00  7.95000000e-10  8.36478646e-04 
 8.05000000e-10  1.80000000e+00  8.05000000e-10  8.12924760e-04 
 8.15000000e-10  1.80000000e+00  8.15000000e-10  7.90459248e-04 
 8.25000000e-10  1.80000000e+00  8.25000000e-10  7.69323716e-04 
 8.35000000e-10  1.80000000e+00  8.35000000e-10  7.49092219e-04 
 8.45000000e-10  1.80000000e+00  8.45000000e-10  7.30026594e-04 
 8.55000000e-10  1.80000000e+00  8.55000000e-10  7.11714430e-04 
 8.65000000e-10  1.80000000e+00  8.65000000e-10  6.94433589e-04 
 8.75000000e-10  1.80000000e+00  8.75000000e-10  6.77782061e-04 
 8.85000000e-10  1.80000000e+00  8.85000000e-10  6.62050535e-04 
 8.95000000e-10  1.80000000e+00  8.95000000e-10  6.46845086e-04 
 9.05000000e-10  1.80000000e+00  9.05000000e-10  6.32466763e-04 
 9.15000000e-10  1.80000000e+00  9.15000000e-10  6.18528004e-04 
 9.25000000e-10  1.80000000e+00  9.25000000e-10  6.05338286e-04 
 9.35000000e-10  1.80000000e+00  9.35000000e-10  5.92515114e-04 
 9.45000000e-10  1.80000000e+00  9.45000000e-10  5.80374863e-04 
 9.55000000e-10  1.80000000e+00  9.55000000e-10  5.68539128e-04 
 9.65000000e-10  1.80000000e+00  9.65000000e-10  5.57329954e-04 
 9.75000000e-10  1.80000000e+00  9.75000000e-10  5.46372285e-04 
 9.85000000e-10  1.80000000e+00  9.85000000e-10  5.35992837e-04 
 9.95000000e-10  1.80000000e+00  9.95000000e-10  5.25819340e-04 
 1.00500000e-09  1.80000000e+00  1.00500000e-09  5.16182362e-04 
 1.01500000e-09  1.80000000e+00  1.01500000e-09  5.06711992e-04 
 1.02500000e-09  1.80000000e+00  1.02500000e-09  4.97741966e-04 
 1.03500000e-09  1.80000000e+00  1.03500000e-09  4.88904409e-04 
 1.04500000e-09  1.80000000e+00  1.04500000e-09  4.80535657e-04 
 1.05500000e-09  1.80000000e+00  1.05500000e-09  4.72269622e-04 
 1.06500000e-09  1.80000000e+00  1.06500000e-09  4.64444757e-04 
 1.07500000e-09  1.80000000e+00  1.07500000e-09  4.56696580e-04 
 1.08500000e-09  1.80000000e+00  1.08500000e-09  4.49365247e-04 
 1.09500000e-09  1.80000000e+00  1.09500000e-09  4.42087744e-04 
 1.10500000e-09  1.80000000e+00  1.10500000e-09  4.35205578e-04 
 1.11500000e-09  1.80000000e+00  1.11500000e-09  4.28357103e-04 
 1.12500000e-09  1.80000000e+00  1.12500000e-09  4.21884868e-04 
 1.13500000e-09  1.80000000e+00  1.13500000e-09  4.15428524e-04 
 1.14500000e-09  1.80000000e+00  1.14500000e-09  4.09331393e-04 
 1.15500000e-09  1.80000000e+00  1.15500000e-09  4.03234378e-04 
 1.16500000e-09  1.80000000e+00  1.16500000e-09  3.97481339e-04 
 1.17500000e-09  1.80000000e+00  1.17500000e-09  3.91714395e-04 
 1.18500000e-09  1.80000000e+00  1.18500000e-09  3.86277738e-04 
 1.19500000e-09  1.80000000e+00  1.19500000e-09  3.80814689e-04 
 1.20500000e-09  1.80000000e+00  1.20500000e-09  3.75669583e-04 
 1.21500000e-09  1.80000000e+00  1.21500000e-09  3.70486938e-04 
 1.22500000e-09  1.80000000e+00  1.22500000e-09  3.65611067e-04 
 1.23500000e-09  1.80000000e+00  1.23500000e-09  3.60687687e-04 
 1.24500000e-09  1.80000000e+00  1.24500000e-09  3.56060943e-04 
 1.25500000e-09  1.80000000e+00  1.25500000e-09  3.51377755e-04 
 1.26500000e-09  1.80000000e+00  1.26500000e-09  3.46981967e-04 
 1.27500000e-09  1.80000000e+00  1.27500000e-09  3.42521719e-04 
 1.28500000e-09  1.80000000e+00  1.28500000e-09  3.38340432e-04 
 1.29500000e-09  1.80000000e+00  1.29500000e-09  3.34087480e-04 
 1.30500000e-09  1.80000000e+00  1.30500000e-09  3.30105754e-04 
 1.31500000e-09  1.80000000e+00  1.31500000e-09  3.26045882e-04 
 1.32500000e-09  1.80000000e+00  1.32500000e-09  3.22250123e-04 
 1.33500000e-09  1.80000000e+00  1.33500000e-09  3.18370381e-04 
 1.34500000e-09  1.80000000e+00  1.34500000e-09  3.14748194e-04 
 1.35500000e-09  1.80000000e+00  1.35500000e-09  3.11036764e-04 
 1.36500000e-09  1.80000000e+00  1.36500000e-09  3.07576824e-04 
 1.37500000e-09  1.80000000e+00  1.37500000e-09  3.04022896e-04 
 1.38500000e-09  1.80000000e+00  1.38500000e-09  3.00714834e-04 
 1.39500000e-09  1.80000000e+00  1.39500000e-09  2.97308505e-04 
 1.40500000e-09  1.80000000e+00  1.40500000e-09  2.94142811e-04 
 1.41500000e-09  1.80000000e+00  1.41500000e-09  2.90874987e-04 
 1.42500000e-09  1.80000000e+00  1.42500000e-09  2.87842923e-04 
 1.43500000e-09  1.80000000e+00  1.43500000e-09  2.84705243e-04 
 1.44500000e-09  1.80000000e+00  1.44500000e-09  2.81798766e-04 
 1.45500000e-09  1.80000000e+00  1.45500000e-09  2.78783529e-04 
 1.46500000e-09  1.80000000e+00  1.46500000e-09  2.75995222e-04 
 1.47500000e-09  1.80000000e+00  1.47500000e-09  2.73095320e-04 
 1.48500000e-09  1.80000000e+00  1.48500000e-09  2.70418337e-04 
 1.49500000e-09  1.80000000e+00  1.49500000e-09  2.67627202e-04 
 1.50500000e-09  1.80000000e+00  1.50500000e-09  2.65055209e-04 
 1.51500000e-09  1.80000000e+00  1.51500000e-09  2.62366763e-04 
 1.52500000e-09  1.80000000e+00  1.52500000e-09  2.59893895e-04 
 1.53500000e-09  1.80000000e+00  1.53500000e-09  2.57302503e-04 
 1.54500000e-09  1.80000000e+00  1.54500000e-09  2.54923319e-04 
 1.55500000e-09  1.80000000e+00  1.55500000e-09  2.52423754e-04 
 1.56500000e-09  1.80000000e+00  1.56500000e-09  2.50133200e-04 
 1.57500000e-09  1.80000000e+00  1.57500000e-09  2.47720600e-04 
 1.58500000e-09  1.80000000e+00  1.58500000e-09  2.45513978e-04 
 1.59500000e-09  1.80000000e+00  1.59500000e-09  2.43183821e-04 
 1.60500000e-09  1.80000000e+00  1.60500000e-09  2.41056754e-04 
 1.61500000e-09  1.80000000e+00  1.61500000e-09  2.38804826e-04 
 1.62500000e-09  1.80000000e+00  1.62500000e-09  2.36753234e-04 
 1.63500000e-09  1.80000000e+00  1.63500000e-09  2.34575603e-04 
 1.64500000e-09  1.80000000e+00  1.64500000e-09  2.32595677e-04 
 1.65500000e-09  1.80000000e+00  1.65500000e-09  2.30488671e-04 
 1.66500000e-09  1.80000000e+00  1.66500000e-09  2.28576852e-04 
 1.67500000e-09  1.80000000e+00  1.67500000e-09  2.26537038e-04 
 1.68500000e-09  1.80000000e+00  1.68500000e-09  2.24689997e-04 
 1.69500000e-09  1.80000000e+00  1.69500000e-09  2.22714159e-04 
 1.70500000e-09  1.80000000e+00  1.70500000e-09  2.20928778e-04 
 1.71500000e-09  1.80000000e+00  1.71500000e-09  2.19013905e-04 
 1.72500000e-09  1.80000000e+00  1.72500000e-09  2.17287259e-04 
 1.73500000e-09  1.80000000e+00  1.73500000e-09  2.15430526e-04 
 1.74500000e-09  1.80000000e+00  1.74500000e-09  2.13759872e-04 
 1.75500000e-09  1.80000000e+00  1.75500000e-09  2.11958625e-04 
 1.76500000e-09  1.80000000e+00  1.76500000e-09  2.10341386e-04 
 1.77500000e-09  1.80000000e+00  1.77500000e-09  2.08593131e-04 
 1.78500000e-09  1.80000000e+00  1.78500000e-09  2.07026884e-04 
 1.79500000e-09  1.80000000e+00  1.79500000e-09  2.05329275e-04 
 1.80500000e-09  1.80000000e+00  1.80500000e-09  2.03811739e-04 
 1.81500000e-09  1.80000000e+00  1.81500000e-09  2.02162567e-04 
 1.82500000e-09  1.80000000e+00  1.82500000e-09  2.00691595e-04 
 1.83500000e-09  1.80000000e+00  1.83500000e-09  1.99088777e-04 
 1.84500000e-09  1.80000000e+00  1.84500000e-09  1.97662342e-04 
 1.85500000e-09  1.80000000e+00  1.85500000e-09  1.96103915e-04 
 1.86500000e-09  1.80000000e+00  1.86500000e-09  1.94720107e-04 
 1.87500000e-09  1.80000000e+00  1.87500000e-09  1.93204217e-04 
 1.88500000e-09  1.80000000e+00  1.88500000e-09  1.91861231e-04 
 1.89500000e-09  1.80000000e+00  1.89500000e-09  1.90386124e-04 
 1.90500000e-09  1.80000000e+00  1.90500000e-09  1.89082255e-04 
 1.91500000e-09  1.80000000e+00  1.91500000e-09  1.87646276e-04 
 1.92500000e-09  1.80000000e+00  1.92500000e-09  1.86379912e-04 
 1.93500000e-09  1.80000000e+00  1.93500000e-09  1.84981492e-04 
 1.94500000e-09  1.80000000e+00  1.94500000e-09  1.83751105e-04 
 1.95500000e-09  1.80000000e+00  1.95500000e-09  1.82388760e-04 
 1.96500000e-09  1.80000000e+00  1.96500000e-09  1.81192904e-04 
 1.97500000e-09  1.80000000e+00  1.97500000e-09  1.79865228e-04 
 1.98500000e-09  1.80000000e+00  1.98500000e-09  1.78702532e-04 
 1.99500000e-09  1.80000000e+00  1.99500000e-09  1.77408188e-04 
 2.00500000e-09  1.80000000e+00  2.00500000e-09  1.76277354e-04 
 2.01500000e-09  1.80000000e+00  2.01500000e-09  1.75015077e-04 
 2.02500000e-09  1.80000000e+00  2.02500000e-09  1.73914869e-04 
 2.03500000e-09  1.80000000e+00  2.03500000e-09  1.72683455e-04 
 2.04500000e-09  1.80000000e+00  2.04500000e-09  1.71612702e-04 
 2.05500000e-09  1.80000000e+00  2.05500000e-09  1.70411009e-04 
 2.06500000e-09  1.80000000e+00  2.06500000e-09  1.69368597e-04 
 2.07500000e-09  1.80000000e+00  2.07500000e-09  1.68195538e-04 
 2.08500000e-09  1.80000000e+00  2.08500000e-09  1.67180407e-04 
 2.09500000e-09  1.80000000e+00  2.09500000e-09  1.66034947e-04 
 2.10500000e-09  1.80000000e+00  2.10500000e-09  1.65046091e-04 
 2.11500000e-09  1.80000000e+00  2.11500000e-09  1.63927244e-04 
 2.12500000e-09  1.80000000e+00  2.12500000e-09  1.62963703e-04 
 2.13500000e-09  1.80000000e+00  2.13500000e-09  1.61870532e-04 
 2.14500000e-09  1.80000000e+00  2.14500000e-09  1.60931391e-04 
 2.15500000e-09  1.80000000e+00  2.15500000e-09  1.59863002e-04 
 2.16500000e-09  1.80000000e+00  2.16500000e-09  1.58947390e-04 
 2.17500000e-09  1.80000000e+00  2.17500000e-09  1.57902930e-04 
 2.18500000e-09  1.80000000e+00  2.18500000e-09  1.57010016e-04 
 2.19500000e-09  1.80000000e+00  2.19500000e-09  1.55988670e-04 
 2.20500000e-09  1.80000000e+00  2.20500000e-09  1.55117661e-04 
 2.21500000e-09  1.80000000e+00  2.21500000e-09  1.54118652e-04 
 2.22500000e-09  1.80000000e+00  2.22500000e-09  1.53268792e-04 
 2.23500000e-09  1.80000000e+00  2.23500000e-09  1.52291377e-04 
 2.24500000e-09  1.80000000e+00  2.24500000e-09  1.51461941e-04 
 2.25500000e-09  1.80000000e+00  2.25500000e-09  1.50505412e-04 
 2.26500000e-09  1.80000000e+00  2.26500000e-09  1.49695710e-04 
 2.27500000e-09  1.80000000e+00  2.27500000e-09  1.48759386e-04 
 2.28500000e-09  1.80000000e+00  2.28500000e-09  1.47968757e-04 
 2.29500000e-09  1.80000000e+00  2.29500000e-09  1.47051990e-04 
 2.30500000e-09  1.80000000e+00  2.30500000e-09  1.46279802e-04 
 2.31500000e-09  1.80000000e+00  2.31500000e-09  1.45381969e-04 
 2.32500000e-09  1.80000000e+00  2.32500000e-09  1.44627617e-04 
 2.33500000e-09  1.80000000e+00  2.33500000e-09  1.43748124e-04 
 2.34500000e-09  1.80000000e+00  2.34500000e-09  1.43011028e-04 
 2.35500000e-09  1.80000000e+00  2.35500000e-09  1.42149303e-04 
 2.36500000e-09  1.80000000e+00  2.36500000e-09  1.41428910e-04 
 2.37500000e-09  1.80000000e+00  2.37500000e-09  1.40584407e-04 
 2.38500000e-09  1.80000000e+00  2.38500000e-09  1.39880183e-04 
 2.39500000e-09  1.80000000e+00  2.39500000e-09  1.39052377e-04 
 2.40500000e-09  1.80000000e+00  2.40500000e-09  1.38363814e-04 
 2.41500000e-09  1.80000000e+00  2.41500000e-09  1.37552202e-04 
 2.42500000e-09  1.80000000e+00  2.42500000e-09  1.36878810e-04 
 2.43500000e-09  1.80000000e+00  2.43500000e-09  1.36082908e-04 
 2.44500000e-09  1.80000000e+00  2.44500000e-09  1.35424218e-04 
 2.45500000e-09  1.80000000e+00  2.45500000e-09  1.34643563e-04 
 2.46500000e-09  1.80000000e+00  2.46500000e-09  1.33999125e-04 
 2.47500000e-09  1.80000000e+00  2.47500000e-09  1.33233271e-04 
 2.48500000e-09  1.80000000e+00  2.48500000e-09  1.32602651e-04 
 2.49500000e-09  1.80000000e+00  2.49500000e-09  1.31851170e-04 
 2.50500000e-09  1.80000000e+00  2.50500000e-09  1.31233954e-04 
 2.51500000e-09  1.80000000e+00  2.51500000e-09  1.30496434e-04 
 2.52500000e-09  1.80000000e+00  2.52500000e-09  1.29892222e-04 
 2.53500000e-09  1.80000000e+00  2.53500000e-09  1.29168267e-04 
 2.54500000e-09  1.80000000e+00  2.54500000e-09  1.28576674e-04 
 2.55500000e-09  1.80000000e+00  2.55500000e-09  1.27865903e-04 
 2.56500000e-09  1.80000000e+00  2.56500000e-09  1.27286561e-04 
 2.57500000e-09  1.80000000e+00  2.57500000e-09  1.26588608e-04 
 2.58500000e-09  1.80000000e+00  2.58500000e-09  1.26021160e-04 
 2.59500000e-09  1.80000000e+00  2.59500000e-09  1.25335671e-04 
 2.60500000e-09  1.80000000e+00  2.60500000e-09  1.24779777e-04 
 2.61500000e-09  1.80000000e+00  2.61500000e-09  1.24106411e-04 
 2.62500000e-09  1.80000000e+00  2.62500000e-09  1.23561741e-04 
 2.63500000e-09  1.80000000e+00  2.63500000e-09  1.22900170e-04 
 2.64500000e-09  1.80000000e+00  2.64500000e-09  1.22366407e-04 
 2.65500000e-09  1.80000000e+00  2.65500000e-09  1.21716317e-04 
 2.66500000e-09  1.80000000e+00  2.66500000e-09  1.21193155e-04 
 2.67500000e-09  1.80000000e+00  2.67500000e-09  1.20554239e-04 
 2.68500000e-09  1.80000000e+00  2.68500000e-09  1.20041384e-04 
 2.69500000e-09  1.80000000e+00  2.69500000e-09  1.19413350e-04 
 2.70500000e-09  1.80000000e+00  2.70500000e-09  1.18910517e-04 
 2.71500000e-09  1.80000000e+00  2.71500000e-09  1.18293081e-04 
 2.72500000e-09  1.80000000e+00  2.72500000e-09  1.17799997e-04 
 2.73500000e-09  1.80000000e+00  2.73500000e-09  1.17192885e-04 
 2.74500000e-09  1.80000000e+00  2.74500000e-09  1.16709286e-04 
 2.75500000e-09  1.80000000e+00  2.75500000e-09  1.16112233e-04 
 2.76500000e-09  1.80000000e+00  2.76500000e-09  1.15637865e-04 
 2.77500000e-09  1.80000000e+00  2.77500000e-09  1.15050616e-04 
 2.78500000e-09  1.80000000e+00  2.78500000e-09  1.14585232e-04 
 2.79500000e-09  1.80000000e+00  2.79500000e-09  1.14007540e-04 
 2.80500000e-09  1.80000000e+00  2.80500000e-09  1.13550903e-04 
 2.81500000e-09  1.80000000e+00  2.81500000e-09  1.12982531e-04 
 2.82500000e-09  1.80000000e+00  2.82500000e-09  1.12534411e-04 
 2.83500000e-09  1.80000000e+00  2.83500000e-09  1.11975127e-04 
 2.84500000e-09  1.80000000e+00  2.84500000e-09  1.11535304e-04 
 2.85500000e-09  1.80000000e+00  2.85500000e-09  1.10984886e-04 
 2.86500000e-09  1.80000000e+00  2.86500000e-09  1.10553144e-04 
 2.87500000e-09  1.80000000e+00  2.87500000e-09  1.10011377e-04 
 2.88500000e-09  1.80000000e+00  2.88500000e-09  1.09587509e-04 
 2.89500000e-09  1.80000000e+00  2.89500000e-09  1.09054184e-04 
 2.90500000e-09  1.80000000e+00  2.90500000e-09  1.08637991e-04 
 2.91500000e-09  1.80000000e+00  2.91500000e-09  1.08112906e-04 
 2.92500000e-09  1.80000000e+00  2.92500000e-09  1.07704194e-04 
 2.93500000e-09  1.80000000e+00  2.93500000e-09  1.07187154e-04 
 2.94500000e-09  1.80000000e+00  2.94500000e-09  1.06785736e-04 
 2.95500000e-09  1.80000000e+00  2.95500000e-09  1.06276551e-04 
 2.96500000e-09  1.80000000e+00  2.96500000e-09  1.05882246e-04 
 2.97500000e-09  1.80000000e+00  2.97500000e-09  1.05380734e-04 
 2.98500000e-09  1.80000000e+00  2.98500000e-09  1.04993365e-04 
 2.99500000e-09  1.80000000e+00  2.99500000e-09  1.04499348e-04 
 3.00500000e-09  1.80000000e+00  3.00500000e-09  1.04118747e-04 
 3.01500000e-09  1.80000000e+00  3.01500000e-09  1.03632053e-04 
 3.02500000e-09  1.80000000e+00  3.02500000e-09  1.03258055e-04 
 3.03500000e-09  1.80000000e+00  3.03500000e-09  1.02778518e-04 
 3.04500000e-09  1.80000000e+00  3.04500000e-09  1.02410964e-04 
 3.05500000e-09  1.80000000e+00  3.05500000e-09  1.01938420e-04 
 3.06500000e-09  1.80000000e+00  3.06500000e-09  1.01577156e-04 
 3.07500000e-09  1.80000000e+00  3.07500000e-09  1.01111450e-04 
 3.08500000e-09  1.80000000e+00  3.08500000e-09  1.00756326e-04 
 3.09500000e-09  1.80000000e+00  3.09500000e-09  1.00297306e-04 
 3.10500000e-09  1.80000000e+00  3.10500000e-09  9.99481768e-05 
 3.11500000e-09  1.80000000e+00  3.11500000e-09  9.94956952e-05 
 3.12500000e-09  1.80000000e+00  3.12500000e-09  9.91524205e-05 
 3.13500000e-09  1.80000000e+00  3.13500000e-09  9.87063339e-05 
 3.14500000e-09  1.80000000e+00  3.14500000e-09  9.83687777e-05 
 3.15500000e-09  1.80000000e+00  3.15500000e-09  9.79289469e-05 
 3.16500000e-09  1.80000000e+00  3.16500000e-09  9.75969771e-05 
 3.17500000e-09  1.80000000e+00  3.17500000e-09  9.71632673e-05 
 3.18500000e-09  1.80000000e+00  3.18500000e-09  9.68367557e-05 
 3.19500000e-09  1.80000000e+00  3.19500000e-09  9.64090358e-05 
 3.20500000e-09  1.80000000e+00  3.20500000e-09  9.60878579e-05 
 3.21500000e-09  1.80000000e+00  3.21500000e-09  9.56660006e-05 
 3.22500000e-09  1.80000000e+00  3.22500000e-09  9.53500358e-05 
 3.23500000e-09  1.80000000e+00  3.23500000e-09  9.49339173e-05 
 3.24500000e-09  1.80000000e+00  3.24500000e-09  9.46230485e-05 
 3.25500000e-09  1.80000000e+00  3.25500000e-09  9.42125486e-05 
 3.26500000e-09  1.80000000e+00  3.26500000e-09  9.39066619e-05 
 3.27500000e-09  1.80000000e+00  3.27500000e-09  9.35016639e-05 
 3.28500000e-09  1.80000000e+00  3.28500000e-09  9.32006488e-05 
 3.29500000e-09  1.80000000e+00  3.29500000e-09  9.28010390e-05 
 3.30500000e-09  1.80000000e+00  3.30500000e-09  9.25047882e-05 
 3.31500000e-09  1.80000000e+00  3.31500000e-09  9.21104562e-05 
 3.32500000e-09  1.80000000e+00  3.32500000e-09  9.18188655e-05 
 3.33500000e-09  1.80000000e+00  3.33500000e-09  9.14297037e-05 
 3.34500000e-09  1.80000000e+00  3.34500000e-09  9.11426718e-05 
 3.35500000e-09  1.80000000e+00  3.35500000e-09  9.07585759e-05 
 3.36500000e-09  1.80000000e+00  3.36500000e-09  9.04760042e-05 
 3.37500000e-09  1.80000000e+00  3.37500000e-09  9.00968725e-05 
 3.38500000e-09  1.80000000e+00  3.38500000e-09  8.98186654e-05 
 3.39500000e-09  1.80000000e+00  3.39500000e-09  8.94443989e-05 
 3.40500000e-09  1.80000000e+00  3.40500000e-09  8.91704633e-05 
 3.41500000e-09  1.80000000e+00  3.41500000e-09  8.88009656e-05 
 3.42500000e-09  1.80000000e+00  3.42500000e-09  8.85312110e-05 
 3.43500000e-09  1.80000000e+00  3.43500000e-09  8.81663886e-05 
 3.44500000e-09  1.80000000e+00  3.44500000e-09  8.79007269e-05 
 3.45500000e-09  1.80000000e+00  3.45500000e-09  8.75404883e-05 
 3.46500000e-09  1.80000000e+00  3.46500000e-09  8.72788340e-05 
 3.47500000e-09  1.80000000e+00  3.47500000e-09  8.69230904e-05 
 3.48500000e-09  1.80000000e+00  3.48500000e-09  8.66653602e-05 
 3.49500000e-09  1.80000000e+00  3.49500000e-09  8.63140249e-05 
 3.50500000e-09  1.80000000e+00  3.50500000e-09  8.60601376e-05 
 3.51500000e-09  1.80000000e+00  3.51500000e-09  8.57131264e-05 
 3.52500000e-09  1.80000000e+00  3.52500000e-09  8.54630032e-05 
 3.53500000e-09  1.80000000e+00  3.53500000e-09  8.51202337e-05 
 3.54500000e-09  1.80000000e+00  3.54500000e-09  8.48737978e-05 
 3.55500000e-09  1.80000000e+00  3.55500000e-09  8.45351900e-05 
 3.56500000e-09  1.80000000e+00  3.56500000e-09  8.42923665e-05 
 3.57500000e-09  1.80000000e+00  3.57500000e-09  8.39578424e-05 
 3.58500000e-09  1.80000000e+00  3.58500000e-09  8.37185585e-05 
 3.59500000e-09  1.80000000e+00  3.59500000e-09  8.33880419e-05 
 3.60500000e-09  1.80000000e+00  3.60500000e-09  8.31522267e-05 
 3.61500000e-09  1.80000000e+00  3.61500000e-09  8.28256433e-05 
 3.62500000e-09  1.80000000e+00  3.62500000e-09  8.25932278e-05 
 3.63500000e-09  1.80000000e+00  3.63500000e-09  8.22705053e-05 
 3.64500000e-09  1.80000000e+00  3.64500000e-09  8.20414220e-05 
 3.65500000e-09  1.80000000e+00  3.65500000e-09  8.17224898e-05 
 3.66500000e-09  1.80000000e+00  3.66500000e-09  8.14966733e-05 
 3.67500000e-09  1.80000000e+00  3.67500000e-09  8.11814624e-05 
 3.68500000e-09  1.80000000e+00  3.68500000e-09  8.09588487e-05 
 3.69500000e-09  1.80000000e+00  3.69500000e-09  8.06472920e-05 
 3.70500000e-09  1.80000000e+00  3.70500000e-09  8.04278188e-05 
 3.71500000e-09  1.80000000e+00  3.71500000e-09  8.01198507e-05 
 3.72500000e-09  1.80000000e+00  3.72500000e-09  7.99034573e-05 
 3.73500000e-09  1.80000000e+00  3.73500000e-09  7.95990138e-05 
 3.74500000e-09  1.80000000e+00  3.74500000e-09  7.93856409e-05 
 3.75500000e-09  1.80000000e+00  3.75500000e-09  7.90846596e-05 
 3.76500000e-09  1.80000000e+00  3.76500000e-09  7.88742495e-05 
 3.77500000e-09  1.80000000e+00  3.77500000e-09  7.85766694e-05 
 3.78500000e-09  1.80000000e+00  3.78500000e-09  7.83691657e-05 
 3.79500000e-09  1.80000000e+00  3.79500000e-09  7.80749271e-05 
 3.80500000e-09  1.80000000e+00  3.80500000e-09  7.78702750e-05 
 3.81500000e-09  1.80000000e+00  3.81500000e-09  7.75793199e-05 
 3.82500000e-09  1.80000000e+00  3.82500000e-09  7.73774656e-05 
 3.83500000e-09  1.80000000e+00  3.83500000e-09  7.70897372e-05 
 3.84500000e-09  1.80000000e+00  3.84500000e-09  7.68906286e-05 
 3.85500000e-09  1.80000000e+00  3.85500000e-09  7.66060714e-05 
 3.86500000e-09  1.80000000e+00  3.86500000e-09  7.64096573e-05 
 3.87500000e-09  1.80000000e+00  3.87500000e-09  7.61282170e-05 
 3.88500000e-09  1.80000000e+00  3.88500000e-09  7.59344478e-05 
 3.89500000e-09  1.80000000e+00  3.89500000e-09  7.56560715e-05 
 3.90500000e-09  1.80000000e+00  3.90500000e-09  7.54648984e-05 
 3.91500000e-09  1.80000000e+00  3.91500000e-09  7.51895344e-05 
 3.92500000e-09  1.80000000e+00  3.92500000e-09  7.50009100e-05 
 3.93500000e-09  1.80000000e+00  3.93500000e-09  7.47285076e-05 
 3.94500000e-09  1.80000000e+00  3.94500000e-09  7.45423855e-05 
 3.95500000e-09  1.80000000e+00  3.95500000e-09  7.42728954e-05 
 3.96500000e-09  1.80000000e+00  3.96500000e-09  7.40892304e-05 
 3.97500000e-09  1.80000000e+00  3.97500000e-09  7.38226041e-05 
 3.98500000e-09  1.80000000e+00  3.98500000e-09  7.36413520e-05 
 3.99500000e-09  1.80000000e+00  3.99500000e-09  7.33775423e-05 
 4.00500000e-09  1.80000000e+00  4.00500000e-09  7.31986600e-05 
 4.01500000e-09  1.80000000e+00  4.01500000e-09  7.29376206e-05 
 4.02500000e-09  1.80000000e+00  4.02500000e-09  7.27610658e-05 
 4.03500000e-09  1.80000000e+00  4.03500000e-09  7.25027517e-05 
 4.04500000e-09  1.80000000e+00  4.04500000e-09  7.23284832e-05 
 4.05500000e-09  1.80000000e+00  4.05500000e-09  7.20728500e-05 
 4.06500000e-09  1.80000000e+00  4.06500000e-09  7.19008276e-05 
 4.07500000e-09  1.80000000e+00  4.07500000e-09  7.16478320e-05 
 4.08500000e-09  1.80000000e+00  4.08500000e-09  7.14780164e-05 
 4.09500000e-09  1.80000000e+00  4.09500000e-09  7.12276162e-05 
 4.10500000e-09  1.80000000e+00  4.10500000e-09  7.10599688e-05 
 4.11500000e-09  1.80000000e+00  4.11500000e-09  7.08121226e-05 
 4.12500000e-09  1.80000000e+00  4.12500000e-09  7.06466059e-05 
 4.13500000e-09  1.80000000e+00  4.13500000e-09  7.04012730e-05 
 4.14500000e-09  1.80000000e+00  4.14500000e-09  7.02378503e-05 
 4.15500000e-09  1.80000000e+00  4.15500000e-09  6.99949912e-05 
 4.16500000e-09  1.80000000e+00  4.16500000e-09  6.98336265e-05 
 4.17500000e-09  1.80000000e+00  4.17500000e-09  6.95932023e-05 
 4.18500000e-09  1.80000000e+00  4.18500000e-09  6.94338604e-05 
 4.19500000e-09  1.80000000e+00  4.19500000e-09  6.91958332e-05 
 4.20500000e-09  1.80000000e+00  4.20500000e-09  6.90384798e-05 
 4.21500000e-09  1.80000000e+00  4.21500000e-09  6.88028122e-05 
 4.22500000e-09  1.80000000e+00  4.22500000e-09  6.86474138e-05 
 4.23500000e-09  1.80000000e+00  4.23500000e-09  6.84140694e-05 
 4.24500000e-09  1.80000000e+00  4.24500000e-09  6.82605930e-05 
 4.25500000e-09  1.80000000e+00  4.25500000e-09  6.80295362e-05 
 4.26500000e-09  1.80000000e+00  4.26500000e-09  6.78779496e-05 
 4.27500000e-09  1.80000000e+00  4.27500000e-09  6.76491455e-05 
 4.28500000e-09  1.80000000e+00  4.28500000e-09  6.74994173e-05 
 4.29500000e-09  1.80000000e+00  4.29500000e-09  6.72728315e-05 
 4.30500000e-09  1.80000000e+00  4.30500000e-09  6.71249309e-05 
 4.31500000e-09  1.80000000e+00  4.31500000e-09  6.69005300e-05 
 4.32500000e-09  1.80000000e+00  4.32500000e-09  6.67544268e-05 
 4.33500000e-09  1.80000000e+00  4.33500000e-09  6.65321779e-05 
 4.34500000e-09  1.80000000e+00  4.34500000e-09  6.63878427e-05 
 4.35500000e-09  1.80000000e+00  4.35500000e-09  6.61677136e-05 
 4.36500000e-09  1.80000000e+00  4.36500000e-09  6.60251175e-05 
 4.37500000e-09  1.80000000e+00  4.37500000e-09  6.58070766e-05 
 4.38500000e-09  1.80000000e+00  4.38500000e-09  6.56661914e-05 
 4.39500000e-09  1.80000000e+00  4.39500000e-09  6.54502078e-05 
 4.40500000e-09  1.80000000e+00  4.40500000e-09  6.53110057e-05 
 4.41500000e-09  1.80000000e+00  4.41500000e-09  6.50970491e-05 
 4.42500000e-09  1.80000000e+00  4.42500000e-09  6.49595031e-05 
 4.43500000e-09  1.80000000e+00  4.43500000e-09  6.47475438e-05 
 4.44500000e-09  1.80000000e+00  4.44500000e-09  6.46116274e-05 
 4.45500000e-09  1.80000000e+00  4.45500000e-09  6.44016363e-05 
 4.46500000e-09  1.80000000e+00  4.46500000e-09  6.42673234e-05 
 4.47500000e-09  1.80000000e+00  4.47500000e-09  6.40592720e-05 
 4.48500000e-09  1.80000000e+00  4.48500000e-09  6.39265372e-05 
 4.49500000e-09  1.80000000e+00  4.49500000e-09  6.37203974e-05 
 4.50500000e-09  1.80000000e+00  4.50500000e-09  6.35892158e-05 
 4.51500000e-09  1.80000000e+00  4.51500000e-09  6.33849602e-05 
 4.52500000e-09  1.80000000e+00  4.52500000e-09  6.32553074e-05 
 4.53500000e-09  1.80000000e+00  4.53500000e-09  6.30529090e-05 
 4.54500000e-09  1.80000000e+00  4.54500000e-09  6.29247611e-05 
 4.55500000e-09  1.80000000e+00  4.55500000e-09  6.27241935e-05 
 4.56500000e-09  1.80000000e+00  4.56500000e-09  6.25975270e-05 
 4.57500000e-09  1.80000000e+00  4.57500000e-09  6.23987644e-05 
 4.58500000e-09  1.80000000e+00  4.58500000e-09  6.22735562e-05 
 4.59500000e-09  1.80000000e+00  4.59500000e-09  6.20765732e-05 
 4.60500000e-09  1.80000000e+00  4.60500000e-09  6.19528010e-05 
 4.61500000e-09  1.80000000e+00  4.61500000e-09  6.17575725e-05 
 4.62500000e-09  1.80000000e+00  4.62500000e-09  6.16352141e-05 
 4.63500000e-09  1.80000000e+00  4.63500000e-09  6.14417158e-05 
 4.64500000e-09  1.80000000e+00  4.64500000e-09  6.13207496e-05 
 4.65500000e-09  1.80000000e+00  4.65500000e-09  6.11289574e-05 
 4.66500000e-09  1.80000000e+00  4.66500000e-09  6.10093623e-05 
 4.67500000e-09  1.80000000e+00  4.67500000e-09  6.08192526e-05 
 4.68500000e-09  1.80000000e+00  4.68500000e-09  6.07010077e-05 
 4.69500000e-09  1.80000000e+00  4.69500000e-09  6.05125575e-05 
 4.70500000e-09  1.80000000e+00  4.70500000e-09  6.03956425e-05 
 4.71500000e-09  1.80000000e+00  4.71500000e-09  6.02088290e-05 
 4.72500000e-09  1.80000000e+00  4.72500000e-09  6.00932238e-05 
 4.73500000e-09  1.80000000e+00  4.73500000e-09  5.99080249e-05 
 4.74500000e-09  1.80000000e+00  4.74500000e-09  5.97937099e-05 
 4.75500000e-09  1.80000000e+00  4.75500000e-09  5.96101036e-05 
 4.76500000e-09  1.80000000e+00  4.76500000e-09  5.94970597e-05 
 4.77500000e-09  1.80000000e+00  4.77500000e-09  5.93150244e-05 
 4.78500000e-09  1.80000000e+00  4.78500000e-09  5.92032327e-05 
 4.79500000e-09  1.80000000e+00  4.79500000e-09  5.90227475e-05 
 4.80500000e-09  1.80000000e+00  4.80500000e-09  5.89121895e-05 
 4.81500000e-09  1.80000000e+00  4.81500000e-09  5.87332337e-05 
 4.82500000e-09  1.80000000e+00  4.82500000e-09  5.86238912e-05 
 4.83500000e-09  1.80000000e+00  4.83500000e-09  5.84464444e-05 
 4.84500000e-09  1.80000000e+00  4.84500000e-09  5.83382996e-05 
 4.85500000e-09  1.80000000e+00  4.85500000e-09  5.81623419e-05 
 4.86500000e-09  1.80000000e+00  4.86500000e-09  5.80553774e-05 
 4.87500000e-09  1.80000000e+00  4.87500000e-09  5.78808891e-05 
 4.88500000e-09  1.80000000e+00  4.88500000e-09  5.77750878e-05 
 4.89500000e-09  1.80000000e+00  4.89500000e-09  5.76020497e-05 
 4.90500000e-09  1.80000000e+00  4.90500000e-09  5.74973946e-05 
 4.91500000e-09  1.80000000e+00  4.91500000e-09  5.73257878e-05 
 4.92500000e-09  1.80000000e+00  4.92500000e-09  5.72222626e-05 
 4.93500000e-09  1.80000000e+00  4.93500000e-09  5.70520684e-05 
 4.94500000e-09  1.80000000e+00  4.94500000e-09  5.69496568e-05 
 4.95500000e-09  1.80000000e+00  4.95500000e-09  5.67808570e-05 
 4.96500000e-09  1.80000000e+00  4.96500000e-09  5.66795431e-05 
 4.97500000e-09  1.80000000e+00  4.97500000e-09  5.65121198e-05 
 4.98500000e-09  1.80000000e+00  4.98500000e-09  5.64118879e-05 
 4.99500000e-09  1.80000000e+00  4.99500000e-09  5.62458234e-05 
 5.00500000e-09  1.80000000e+00  5.00500000e-09  5.61466584e-05 
 5.01500000e-09  1.80000000e+00  5.01500000e-09  5.59819353e-05 
 5.02500000e-09  1.80000000e+00  5.02500000e-09  5.58838220e-05 
 5.03500000e-09  1.80000000e+00  5.03500000e-09  5.57204234e-05 
 5.04500000e-09  1.80000000e+00  5.04500000e-09  5.56233471e-05 
 5.05500000e-09  1.80000000e+00  5.05500000e-09  5.54612562e-05 
 5.06500000e-09  1.80000000e+00  5.06500000e-09  5.53652023e-05 
 5.07500000e-09  1.80000000e+00  5.07500000e-09  5.52044026e-05 
 5.08500000e-09  1.80000000e+00  5.08500000e-09  5.51093569e-05 
 5.09500000e-09  1.80000000e+00  5.09500000e-09  5.49498322e-05 
 5.10500000e-09  1.80000000e+00  5.10500000e-09  5.48557807e-05 
 5.11500000e-09  1.80000000e+00  5.11500000e-09  5.46975152e-05 
 5.12500000e-09  1.80000000e+00  5.12500000e-09  5.46044442e-05 
 5.13500000e-09  1.80000000e+00  5.13500000e-09  5.44474222e-05 
 5.14500000e-09  1.80000000e+00  5.14500000e-09  5.43553181e-05 
 5.15500000e-09  1.80000000e+00  5.15500000e-09  5.41995243e-05 
 5.16500000e-09  1.80000000e+00  5.16500000e-09  5.41083739e-05 
 5.17500000e-09  1.80000000e+00  5.17500000e-09  5.39537930e-05 
 5.18500000e-09  1.80000000e+00  5.18500000e-09  5.38635833e-05 
 5.19500000e-09  1.80000000e+00  5.19500000e-09  5.37102006e-05 
 5.20500000e-09  1.80000000e+00  5.20500000e-09  5.36209187e-05 
 5.21500000e-09  1.80000000e+00  5.21500000e-09  5.34687195e-05 
 5.22500000e-09  1.80000000e+00  5.22500000e-09  5.33803529e-05 
 5.23500000e-09  1.80000000e+00  5.23500000e-09  5.32293228e-05 
 5.24500000e-09  1.80000000e+00  5.24500000e-09  5.31418592e-05 
 5.25500000e-09  1.80000000e+00  5.25500000e-09  5.29919841e-05 
 5.26500000e-09  1.80000000e+00  5.26500000e-09  5.29054112e-05 
 5.27500000e-09  1.80000000e+00  5.27500000e-09  5.27566772e-05 
 5.28500000e-09  1.80000000e+00  5.28500000e-09  5.26709831e-05 
 5.29500000e-09  1.80000000e+00  5.29500000e-09  5.25233764e-05 
 5.30500000e-09  1.80000000e+00  5.30500000e-09  5.24385495e-05 
 5.31500000e-09  1.80000000e+00  5.31500000e-09  5.22920567e-05 
 5.32500000e-09  1.80000000e+00  5.32500000e-09  5.22080853e-05 
 5.33500000e-09  1.80000000e+00  5.33500000e-09  5.20626932e-05 
 5.34500000e-09  1.80000000e+00  5.34500000e-09  5.19795661e-05 
 5.35500000e-09  1.80000000e+00  5.35500000e-09  5.18352616e-05 
 5.36500000e-09  1.80000000e+00  5.36500000e-09  5.17529675e-05 
 5.37500000e-09  1.80000000e+00  5.37500000e-09  5.16097378e-05 
 5.38500000e-09  1.80000000e+00  5.38500000e-09  5.15282659e-05 
 5.39500000e-09  1.80000000e+00  5.39500000e-09  5.13860984e-05 
 5.40500000e-09  1.80000000e+00  5.40500000e-09  5.13054378e-05 
 5.41500000e-09  1.80000000e+00  5.41500000e-09  5.11643200e-05 
 5.42500000e-09  1.80000000e+00  5.42500000e-09  5.10844602e-05 
 5.43500000e-09  1.80000000e+00  5.43500000e-09  5.09443799e-05 
 5.44500000e-09  1.80000000e+00  5.44500000e-09  5.08653104e-05 
 5.45500000e-09  1.80000000e+00  5.45500000e-09  5.07262556e-05 
 5.46500000e-09  1.80000000e+00  5.46500000e-09  5.06479663e-05 
 5.47500000e-09  1.80000000e+00  5.47500000e-09  5.05099250e-05 
 5.48500000e-09  1.80000000e+00  5.48500000e-09  5.04324057e-05 
 5.49500000e-09  1.80000000e+00  5.49500000e-09  5.02953664e-05 
 5.50000000e-09  1.80000000e+00  5.50000000e-09  5.02718491e-05 
 5.50100000e-09  1.79640000e+00  5.50100000e-09 -5.72479612e-04 
 5.50300000e-09  1.78920000e+00  5.50300000e-09 -1.73318739e-03 
 5.50700000e-09  1.77480000e+00  5.50700000e-09 -3.44700549e-03 
 5.51500000e-09  1.74600000e+00  5.51500000e-09 -5.10701127e-03 
 5.52500000e-09  1.71000000e+00  5.52500000e-09 -5.72439620e-03 
 5.53500000e-09  1.67400000e+00  5.53500000e-09 -5.88967164e-03 
 5.54500000e-09  1.63800000e+00  5.54500000e-09 -5.96346443e-03 
 5.55500000e-09  1.60200000e+00  5.55500000e-09 -6.02059698e-03 
 5.56500000e-09  1.56600000e+00  5.56500000e-09 -6.07639626e-03 
 5.57500000e-09  1.53000000e+00  5.57500000e-09 -6.13551931e-03 
 5.58500000e-09  1.49400000e+00  5.58500000e-09 -6.19924678e-03 
 5.59500000e-09  1.45800000e+00  5.59500000e-09 -6.26920932e-03 
 5.60500000e-09  1.42200000e+00  5.60500000e-09 -6.34658546e-03 
 5.61500000e-09  1.38600000e+00  5.61500000e-09 -6.43355563e-03 
 5.62500000e-09  1.35000000e+00  5.62500000e-09 -6.53249846e-03 
 5.63500000e-09  1.31400000e+00  5.63500000e-09 -6.64730492e-03 
 5.64500000e-09  1.27800000e+00  5.64500000e-09 -6.78278250e-03 
 5.65500000e-09  1.24200000e+00  5.65500000e-09 -6.94639238e-03 
 5.66500000e-09  1.20600000e+00  5.66500000e-09 -7.14831150e-03 
 5.67500000e-09  1.17000000e+00  5.67500000e-09 -7.40440472e-03 
 5.68500000e-09  1.13400000e+00  5.68500000e-09 -7.73809028e-03 
 5.69500000e-09  1.09800000e+00  5.69500000e-09 -8.18850417e-03 
 5.70500000e-09  1.06200000e+00  5.70500000e-09 -8.82683478e-03 
 5.71500000e-09  1.02600000e+00  5.71500000e-09 -9.79354671e-03 
 5.72500000e-09  9.90000000e-01  5.72500000e-09 -1.13591825e-02 
 5.73500000e-09  9.54000000e-01  5.73500000e-09 -1.39671208e-02 
 5.74500000e-09  9.18000000e-01  5.74500000e-09 -1.79809220e-02 
 5.75500000e-09  8.82000000e-01  5.75500000e-09 -2.21909410e-02 
 5.76500000e-09  8.46000000e-01  5.76500000e-09 -2.03404150e-02 
 5.77500000e-09  8.10000000e-01  5.77500000e-09 -1.30468029e-03 
 5.78500000e-09  7.74000000e-01  5.78500000e-09  4.25805190e-02 
 5.79500000e-09  7.38000000e-01  5.79500000e-09  1.25998898e-01 
 5.80500000e-09  7.02000000e-01  5.80500000e-09  2.53291299e-01 
 5.81500000e-09  6.66000000e-01  5.81500000e-09  4.17287603e-01 
 5.82500000e-09  6.30000000e-01  5.82500000e-09  6.13301761e-01 
 5.83500000e-09  5.94000000e-01  5.83500000e-09  8.33633610e-01 
 5.84500000e-09  5.58000000e-01  5.84500000e-09  1.04369540e+00 
 5.85500000e-09  5.22000000e-01  5.85500000e-09  1.20610567e+00 
 5.86500000e-09  4.86000000e-01  5.86500000e-09  1.33887146e+00 
 5.87500000e-09  4.50000000e-01  5.87500000e-09  1.45133771e+00 
 5.88500000e-09  4.14000000e-01  5.88500000e-09  1.54209611e+00 
 5.89500000e-09  3.78000000e-01  5.89500000e-09  1.61238941e+00 
 5.90500000e-09  3.42000000e-01  5.90500000e-09  1.66540530e+00 
 5.91500000e-09  3.06000000e-01  5.91500000e-09  1.70426791e+00 
 5.92500000e-09  2.70000000e-01  5.92500000e-09  1.73201330e+00 
 5.93500000e-09  2.34000000e-01  5.93500000e-09  1.75135655e+00 
 5.94500000e-09  1.98000000e-01  5.94500000e-09  1.76458798e+00 
 5.95500000e-09  1.62000000e-01  5.95500000e-09  1.77348883e+00 
 5.96500000e-09  1.26000000e-01  5.96500000e-09  1.77941279e+00 
 5.97500000e-09  9.00000000e-02  5.97500000e-09  1.78331751e+00 
 5.98500000e-09  5.40000000e-02  5.98500000e-09  1.78589208e+00 
 5.99500000e-09  1.80000000e-02  5.99500000e-09  1.78758698e+00 
 6.00000000e-09  0.00000000e+00  6.00000000e-09  1.78820545e+00 
 6.00100000e-09  0.00000000e+00  6.00100000e-09  1.78854609e+00 
 6.00300000e-09  0.00000000e+00  6.00300000e-09  1.78931594e+00 
 6.00700000e-09  0.00000000e+00  6.00700000e-09  1.79105820e+00 
 6.01500000e-09  0.00000000e+00  6.01500000e-09  1.79404223e+00 
 6.02500000e-09  0.00000000e+00  6.02500000e-09  1.79646944e+00 
 6.03500000e-09  0.00000000e+00  6.03500000e-09  1.79789969e+00 
 6.04500000e-09  0.00000000e+00  6.04500000e-09  1.79875250e+00 
 6.05500000e-09  0.00000000e+00  6.05500000e-09  1.79925850e+00 
 6.06500000e-09  0.00000000e+00  6.06500000e-09  1.79955918e+00 
 6.07500000e-09  0.00000000e+00  6.07500000e-09  1.79973815e+00 
 6.08500000e-09  0.00000000e+00  6.08500000e-09  1.79984418e+00 
 6.09500000e-09  0.00000000e+00  6.09500000e-09  1.79990755e+00 
 6.10500000e-09  0.00000000e+00  6.10500000e-09  1.79994487e+00 
 6.11500000e-09  0.00000000e+00  6.11500000e-09  1.79996739e+00 
 6.12500000e-09  0.00000000e+00  6.12500000e-09  1.79998044e+00 
 6.13500000e-09  0.00000000e+00  6.13500000e-09  1.79998853e+00 
 6.14500000e-09  0.00000000e+00  6.14500000e-09  1.79999301e+00 
 6.15500000e-09  0.00000000e+00  6.15500000e-09  1.79999600e+00 
 6.16500000e-09  0.00000000e+00  6.16500000e-09  1.79999746e+00 
 6.17500000e-09  0.00000000e+00  6.17500000e-09  1.79999864e+00 
 6.18500000e-09  0.00000000e+00  6.18500000e-09  1.79999900e+00 
 6.19500000e-09  0.00000000e+00  6.19500000e-09  1.79999951e+00 
 6.20500000e-09  0.00000000e+00  6.20500000e-09  1.79999952e+00 
 6.21500000e-09  0.00000000e+00  6.21500000e-09  1.79999983e+00 
 6.22500000e-09  0.00000000e+00  6.22500000e-09  1.79999973e+00 
 6.23500000e-09  0.00000000e+00  6.23500000e-09  1.79999991e+00 
 6.24500000e-09  0.00000000e+00  6.24500000e-09  1.79999975e+00 
 6.25500000e-09  0.00000000e+00  6.25500000e-09  1.79999992e+00 
 6.26500000e-09  0.00000000e+00  6.26500000e-09  1.79999976e+00 
 6.27500000e-09  0.00000000e+00  6.27500000e-09  1.79999992e+00 
 6.28500000e-09  0.00000000e+00  6.28500000e-09  1.79999976e+00 
 6.29500000e-09  0.00000000e+00  6.29500000e-09  1.79999992e+00 
 6.30500000e-09  0.00000000e+00  6.30500000e-09  1.79999976e+00 
 6.31500000e-09  0.00000000e+00  6.31500000e-09  1.79999992e+00 
 6.32500000e-09  0.00000000e+00  6.32500000e-09  1.79999977e+00 
 6.33500000e-09  0.00000000e+00  6.33500000e-09  1.79999992e+00 
 6.34500000e-09  0.00000000e+00  6.34500000e-09  1.79999977e+00 
 6.35500000e-09  0.00000000e+00  6.35500000e-09  1.79999992e+00 
 6.36500000e-09  0.00000000e+00  6.36500000e-09  1.79999978e+00 
 6.37500000e-09  0.00000000e+00  6.37500000e-09  1.79999992e+00 
 6.38500000e-09  0.00000000e+00  6.38500000e-09  1.79999978e+00 
 6.39500000e-09  0.00000000e+00  6.39500000e-09  1.79999992e+00 
 6.40500000e-09  0.00000000e+00  6.40500000e-09  1.79999978e+00 
 6.41500000e-09  0.00000000e+00  6.41500000e-09  1.79999992e+00 
 6.42500000e-09  0.00000000e+00  6.42500000e-09  1.79999979e+00 
 6.43500000e-09  0.00000000e+00  6.43500000e-09  1.79999992e+00 
 6.44500000e-09  0.00000000e+00  6.44500000e-09  1.79999979e+00 
 6.45500000e-09  0.00000000e+00  6.45500000e-09  1.79999992e+00 
 6.46500000e-09  0.00000000e+00  6.46500000e-09  1.79999979e+00 
 6.47500000e-09  0.00000000e+00  6.47500000e-09  1.79999992e+00 
 6.48500000e-09  0.00000000e+00  6.48500000e-09  1.79999980e+00 
 6.49500000e-09  0.00000000e+00  6.49500000e-09  1.79999992e+00 
 6.50500000e-09  0.00000000e+00  6.50500000e-09  1.79999980e+00 
 6.51500000e-09  0.00000000e+00  6.51500000e-09  1.79999992e+00 
 6.52500000e-09  0.00000000e+00  6.52500000e-09  1.79999980e+00 
 6.53500000e-09  0.00000000e+00  6.53500000e-09  1.79999992e+00 
 6.54500000e-09  0.00000000e+00  6.54500000e-09  1.79999981e+00 
 6.55500000e-09  0.00000000e+00  6.55500000e-09  1.79999992e+00 
 6.56500000e-09  0.00000000e+00  6.56500000e-09  1.79999981e+00 
 6.57500000e-09  0.00000000e+00  6.57500000e-09  1.79999992e+00 
 6.58500000e-09  0.00000000e+00  6.58500000e-09  1.79999981e+00 
 6.59500000e-09  0.00000000e+00  6.59500000e-09  1.79999992e+00 
 6.60500000e-09  0.00000000e+00  6.60500000e-09  1.79999981e+00 
 6.61500000e-09  0.00000000e+00  6.61500000e-09  1.79999992e+00 
 6.62500000e-09  0.00000000e+00  6.62500000e-09  1.79999982e+00 
 6.63500000e-09  0.00000000e+00  6.63500000e-09  1.79999992e+00 
 6.64500000e-09  0.00000000e+00  6.64500000e-09  1.79999982e+00 
 6.65500000e-09  0.00000000e+00  6.65500000e-09  1.79999992e+00 
 6.66500000e-09  0.00000000e+00  6.66500000e-09  1.79999982e+00 
 6.67500000e-09  0.00000000e+00  6.67500000e-09  1.79999992e+00 
 6.68500000e-09  0.00000000e+00  6.68500000e-09  1.79999983e+00 
 6.69500000e-09  0.00000000e+00  6.69500000e-09  1.79999992e+00 
 6.70500000e-09  0.00000000e+00  6.70500000e-09  1.79999983e+00 
 6.71500000e-09  0.00000000e+00  6.71500000e-09  1.79999992e+00 
 6.72500000e-09  0.00000000e+00  6.72500000e-09  1.79999983e+00 
 6.73500000e-09  0.00000000e+00  6.73500000e-09  1.79999992e+00 
 6.74500000e-09  0.00000000e+00  6.74500000e-09  1.79999983e+00 
 6.75500000e-09  0.00000000e+00  6.75500000e-09  1.79999992e+00 
 6.76500000e-09  0.00000000e+00  6.76500000e-09  1.79999984e+00 
 6.77500000e-09  0.00000000e+00  6.77500000e-09  1.79999992e+00 
 6.78500000e-09  0.00000000e+00  6.78500000e-09  1.79999984e+00 
 6.79500000e-09  0.00000000e+00  6.79500000e-09  1.79999992e+00 
 6.80500000e-09  0.00000000e+00  6.80500000e-09  1.79999984e+00 
 6.81500000e-09  0.00000000e+00  6.81500000e-09  1.79999992e+00 
 6.82500000e-09  0.00000000e+00  6.82500000e-09  1.79999984e+00 
 6.83500000e-09  0.00000000e+00  6.83500000e-09  1.79999992e+00 
 6.84500000e-09  0.00000000e+00  6.84500000e-09  1.79999985e+00 
 6.85500000e-09  0.00000000e+00  6.85500000e-09  1.79999992e+00 
 6.86500000e-09  0.00000000e+00  6.86500000e-09  1.79999985e+00 
 6.87500000e-09  0.00000000e+00  6.87500000e-09  1.79999992e+00 
 6.88500000e-09  0.00000000e+00  6.88500000e-09  1.79999985e+00 
 6.89500000e-09  0.00000000e+00  6.89500000e-09  1.79999992e+00 
 6.90500000e-09  0.00000000e+00  6.90500000e-09  1.79999985e+00 
 6.91500000e-09  0.00000000e+00  6.91500000e-09  1.79999992e+00 
 6.92500000e-09  0.00000000e+00  6.92500000e-09  1.79999986e+00 
 6.93500000e-09  0.00000000e+00  6.93500000e-09  1.79999992e+00 
 6.94500000e-09  0.00000000e+00  6.94500000e-09  1.79999986e+00 
 6.95500000e-09  0.00000000e+00  6.95500000e-09  1.79999992e+00 
 6.96500000e-09  0.00000000e+00  6.96500000e-09  1.79999986e+00 
 6.97500000e-09  0.00000000e+00  6.97500000e-09  1.79999992e+00 
 6.98500000e-09  0.00000000e+00  6.98500000e-09  1.79999986e+00 
 6.99500000e-09  0.00000000e+00  6.99500000e-09  1.79999992e+00 
 7.00500000e-09  0.00000000e+00  7.00500000e-09  1.79999986e+00 
 7.01500000e-09  0.00000000e+00  7.01500000e-09  1.79999992e+00 
 7.02500000e-09  0.00000000e+00  7.02500000e-09  1.79999987e+00 
 7.03500000e-09  0.00000000e+00  7.03500000e-09  1.79999992e+00 
 7.04500000e-09  0.00000000e+00  7.04500000e-09  1.79999987e+00 
 7.05500000e-09  0.00000000e+00  7.05500000e-09  1.79999992e+00 
 7.06500000e-09  0.00000000e+00  7.06500000e-09  1.79999987e+00 
 7.07500000e-09  0.00000000e+00  7.07500000e-09  1.79999992e+00 
 7.08500000e-09  0.00000000e+00  7.08500000e-09  1.79999987e+00 
 7.09500000e-09  0.00000000e+00  7.09500000e-09  1.79999992e+00 
 7.10500000e-09  0.00000000e+00  7.10500000e-09  1.79999987e+00 
 7.11500000e-09  0.00000000e+00  7.11500000e-09  1.79999992e+00 
 7.12500000e-09  0.00000000e+00  7.12500000e-09  1.79999988e+00 
 7.13500000e-09  0.00000000e+00  7.13500000e-09  1.79999993e+00 
 7.14500000e-09  0.00000000e+00  7.14500000e-09  1.79999988e+00 
 7.15500000e-09  0.00000000e+00  7.15500000e-09  1.79999993e+00 
 7.16500000e-09  0.00000000e+00  7.16500000e-09  1.79999988e+00 
 7.17500000e-09  0.00000000e+00  7.17500000e-09  1.79999993e+00 
 7.18500000e-09  0.00000000e+00  7.18500000e-09  1.79999988e+00 
 7.19500000e-09  0.00000000e+00  7.19500000e-09  1.79999993e+00 
 7.20500000e-09  0.00000000e+00  7.20500000e-09  1.79999988e+00 
 7.21500000e-09  0.00000000e+00  7.21500000e-09  1.79999993e+00 
 7.22500000e-09  0.00000000e+00  7.22500000e-09  1.79999988e+00 
 7.23500000e-09  0.00000000e+00  7.23500000e-09  1.79999993e+00 
 7.24500000e-09  0.00000000e+00  7.24500000e-09  1.79999989e+00 
 7.25500000e-09  0.00000000e+00  7.25500000e-09  1.79999993e+00 
 7.26500000e-09  0.00000000e+00  7.26500000e-09  1.79999989e+00 
 7.27500000e-09  0.00000000e+00  7.27500000e-09  1.79999993e+00 
 7.28500000e-09  0.00000000e+00  7.28500000e-09  1.79999989e+00 
 7.29500000e-09  0.00000000e+00  7.29500000e-09  1.79999993e+00 
 7.30500000e-09  0.00000000e+00  7.30500000e-09  1.79999989e+00 
 7.31500000e-09  0.00000000e+00  7.31500000e-09  1.79999993e+00 
 7.32500000e-09  0.00000000e+00  7.32500000e-09  1.79999989e+00 
 7.33500000e-09  0.00000000e+00  7.33500000e-09  1.79999993e+00 
 7.34500000e-09  0.00000000e+00  7.34500000e-09  1.79999989e+00 
 7.35500000e-09  0.00000000e+00  7.35500000e-09  1.79999993e+00 
 7.36500000e-09  0.00000000e+00  7.36500000e-09  1.79999989e+00 
 7.37500000e-09  0.00000000e+00  7.37500000e-09  1.79999993e+00 
 7.38500000e-09  0.00000000e+00  7.38500000e-09  1.79999990e+00 
 7.39500000e-09  0.00000000e+00  7.39500000e-09  1.79999993e+00 
 7.40500000e-09  0.00000000e+00  7.40500000e-09  1.79999990e+00 
 7.41500000e-09  0.00000000e+00  7.41500000e-09  1.79999993e+00 
 7.42500000e-09  0.00000000e+00  7.42500000e-09  1.79999990e+00 
 7.43500000e-09  0.00000000e+00  7.43500000e-09  1.79999993e+00 
 7.44500000e-09  0.00000000e+00  7.44500000e-09  1.79999990e+00 
 7.45500000e-09  0.00000000e+00  7.45500000e-09  1.79999993e+00 
 7.46500000e-09  0.00000000e+00  7.46500000e-09  1.79999990e+00 
 7.47500000e-09  0.00000000e+00  7.47500000e-09  1.79999993e+00 
 7.48500000e-09  0.00000000e+00  7.48500000e-09  1.79999990e+00 
 7.49500000e-09  0.00000000e+00  7.49500000e-09  1.79999993e+00 
 7.50500000e-09  0.00000000e+00  7.50500000e-09  1.79999990e+00 
 7.51500000e-09  0.00000000e+00  7.51500000e-09  1.79999993e+00 
 7.52500000e-09  0.00000000e+00  7.52500000e-09  1.79999990e+00 
 7.53500000e-09  0.00000000e+00  7.53500000e-09  1.79999993e+00 
 7.54500000e-09  0.00000000e+00  7.54500000e-09  1.79999991e+00 
 7.55500000e-09  0.00000000e+00  7.55500000e-09  1.79999993e+00 
 7.56500000e-09  0.00000000e+00  7.56500000e-09  1.79999991e+00 
 7.57500000e-09  0.00000000e+00  7.57500000e-09  1.79999993e+00 
 7.58500000e-09  0.00000000e+00  7.58500000e-09  1.79999991e+00 
 7.59500000e-09  0.00000000e+00  7.59500000e-09  1.79999993e+00 
 7.60500000e-09  0.00000000e+00  7.60500000e-09  1.79999991e+00 
 7.61500000e-09  0.00000000e+00  7.61500000e-09  1.79999993e+00 
 7.62500000e-09  0.00000000e+00  7.62500000e-09  1.79999991e+00 
 7.63500000e-09  0.00000000e+00  7.63500000e-09  1.79999993e+00 
 7.64500000e-09  0.00000000e+00  7.64500000e-09  1.79999991e+00 
 7.65500000e-09  0.00000000e+00  7.65500000e-09  1.79999993e+00 
 7.66500000e-09  0.00000000e+00  7.66500000e-09  1.79999991e+00 
 7.67500000e-09  0.00000000e+00  7.67500000e-09  1.79999993e+00 
 7.68500000e-09  0.00000000e+00  7.68500000e-09  1.79999991e+00 
 7.69500000e-09  0.00000000e+00  7.69500000e-09  1.79999993e+00 
 7.70500000e-09  0.00000000e+00  7.70500000e-09  1.79999991e+00 
 7.71500000e-09  0.00000000e+00  7.71500000e-09  1.79999993e+00 
 7.72500000e-09  0.00000000e+00  7.72500000e-09  1.79999992e+00 
 7.73500000e-09  0.00000000e+00  7.73500000e-09  1.79999993e+00 
 7.74500000e-09  0.00000000e+00  7.74500000e-09  1.79999992e+00 
 7.75500000e-09  0.00000000e+00  7.75500000e-09  1.79999993e+00 
 7.76500000e-09  0.00000000e+00  7.76500000e-09  1.79999992e+00 
 7.77500000e-09  0.00000000e+00  7.77500000e-09  1.79999993e+00 
 7.78500000e-09  0.00000000e+00  7.78500000e-09  1.79999992e+00 
 7.79500000e-09  0.00000000e+00  7.79500000e-09  1.79999993e+00 
 7.80500000e-09  0.00000000e+00  7.80500000e-09  1.79999992e+00 
 7.81500000e-09  0.00000000e+00  7.81500000e-09  1.79999993e+00 
 7.82500000e-09  0.00000000e+00  7.82500000e-09  1.79999992e+00 
 7.83500000e-09  0.00000000e+00  7.83500000e-09  1.79999993e+00 
 7.84500000e-09  0.00000000e+00  7.84500000e-09  1.79999992e+00 
 7.85500000e-09  0.00000000e+00  7.85500000e-09  1.79999993e+00 
 7.86500000e-09  0.00000000e+00  7.86500000e-09  1.79999992e+00 
 7.87500000e-09  0.00000000e+00  7.87500000e-09  1.79999993e+00 
 7.88500000e-09  0.00000000e+00  7.88500000e-09  1.79999992e+00 
 7.89500000e-09  0.00000000e+00  7.89500000e-09  1.79999994e+00 
 7.90500000e-09  0.00000000e+00  7.90500000e-09  1.79999992e+00 
 7.91500000e-09  0.00000000e+00  7.91500000e-09  1.79999994e+00 
 7.92500000e-09  0.00000000e+00  7.92500000e-09  1.79999993e+00 
 7.93500000e-09  0.00000000e+00  7.93500000e-09  1.79999994e+00 
 7.94500000e-09  0.00000000e+00  7.94500000e-09  1.79999993e+00 
 7.95500000e-09  0.00000000e+00  7.95500000e-09  1.79999994e+00 
 7.96500000e-09  0.00000000e+00  7.96500000e-09  1.79999993e+00 
 7.97500000e-09  0.00000000e+00  7.97500000e-09  1.79999994e+00 
 7.98500000e-09  0.00000000e+00  7.98500000e-09  1.79999993e+00 
 7.99500000e-09  0.00000000e+00  7.99500000e-09  1.79999994e+00 
 8.00500000e-09  0.00000000e+00  8.00500000e-09  1.79999993e+00 
 8.01500000e-09  0.00000000e+00  8.01500000e-09  1.79999994e+00 
 8.02500000e-09  0.00000000e+00  8.02500000e-09  1.79999993e+00 
 8.03500000e-09  0.00000000e+00  8.03500000e-09  1.79999994e+00 
 8.04500000e-09  0.00000000e+00  8.04500000e-09  1.79999993e+00 
 8.05500000e-09  0.00000000e+00  8.05500000e-09  1.79999994e+00 
 8.06500000e-09  0.00000000e+00  8.06500000e-09  1.79999993e+00 
 8.07500000e-09  0.00000000e+00  8.07500000e-09  1.79999994e+00 
 8.08500000e-09  0.00000000e+00  8.08500000e-09  1.79999993e+00 
 8.09500000e-09  0.00000000e+00  8.09500000e-09  1.79999994e+00 
 8.10500000e-09  0.00000000e+00  8.10500000e-09  1.79999993e+00 
 8.11500000e-09  0.00000000e+00  8.11500000e-09  1.79999994e+00 
 8.12500000e-09  0.00000000e+00  8.12500000e-09  1.79999993e+00 
 8.13500000e-09  0.00000000e+00  8.13500000e-09  1.79999994e+00 
 8.14500000e-09  0.00000000e+00  8.14500000e-09  1.79999993e+00 
 8.15500000e-09  0.00000000e+00  8.15500000e-09  1.79999994e+00 
 8.16500000e-09  0.00000000e+00  8.16500000e-09  1.79999993e+00 
 8.17500000e-09  0.00000000e+00  8.17500000e-09  1.79999994e+00 
 8.18500000e-09  0.00000000e+00  8.18500000e-09  1.79999994e+00 
 8.19500000e-09  0.00000000e+00  8.19500000e-09  1.79999994e+00 
 8.20500000e-09  0.00000000e+00  8.20500000e-09  1.79999994e+00 
 8.21500000e-09  0.00000000e+00  8.21500000e-09  1.79999994e+00 
 8.22500000e-09  0.00000000e+00  8.22500000e-09  1.79999994e+00 
 8.23500000e-09  0.00000000e+00  8.23500000e-09  1.79999994e+00 
 8.24500000e-09  0.00000000e+00  8.24500000e-09  1.79999994e+00 
 8.25500000e-09  0.00000000e+00  8.25500000e-09  1.79999994e+00 
 8.26500000e-09  0.00000000e+00  8.26500000e-09  1.79999994e+00 
 8.27500000e-09  0.00000000e+00  8.27500000e-09  1.79999994e+00 
 8.28500000e-09  0.00000000e+00  8.28500000e-09  1.79999994e+00 
 8.29500000e-09  0.00000000e+00  8.29500000e-09  1.79999994e+00 
 8.30500000e-09  0.00000000e+00  8.30500000e-09  1.79999994e+00 
 8.31500000e-09  0.00000000e+00  8.31500000e-09  1.79999994e+00 
 8.32500000e-09  0.00000000e+00  8.32500000e-09  1.79999994e+00 
 8.33500000e-09  0.00000000e+00  8.33500000e-09  1.79999994e+00 
 8.34500000e-09  0.00000000e+00  8.34500000e-09  1.79999994e+00 
 8.35500000e-09  0.00000000e+00  8.35500000e-09  1.79999994e+00 
 8.36500000e-09  0.00000000e+00  8.36500000e-09  1.79999994e+00 
 8.37500000e-09  0.00000000e+00  8.37500000e-09  1.79999994e+00 
 8.38500000e-09  0.00000000e+00  8.38500000e-09  1.79999994e+00 
 8.39500000e-09  0.00000000e+00  8.39500000e-09  1.79999994e+00 
 8.40500000e-09  0.00000000e+00  8.40500000e-09  1.79999994e+00 
 8.41500000e-09  0.00000000e+00  8.41500000e-09  1.79999994e+00 
 8.42500000e-09  0.00000000e+00  8.42500000e-09  1.79999994e+00 
 8.43500000e-09  0.00000000e+00  8.43500000e-09  1.79999994e+00 
 8.44500000e-09  0.00000000e+00  8.44500000e-09  1.79999994e+00 
 8.45500000e-09  0.00000000e+00  8.45500000e-09  1.79999994e+00 
 8.46500000e-09  0.00000000e+00  8.46500000e-09  1.79999994e+00 
 8.47500000e-09  0.00000000e+00  8.47500000e-09  1.79999994e+00 
 8.48500000e-09  0.00000000e+00  8.48500000e-09  1.79999994e+00 
 8.49500000e-09  0.00000000e+00  8.49500000e-09  1.79999994e+00 
 8.50500000e-09  0.00000000e+00  8.50500000e-09  1.79999995e+00 
 8.51500000e-09  0.00000000e+00  8.51500000e-09  1.79999994e+00 
 8.52500000e-09  0.00000000e+00  8.52500000e-09  1.79999995e+00 
 8.53500000e-09  0.00000000e+00  8.53500000e-09  1.79999994e+00 
 8.54500000e-09  0.00000000e+00  8.54500000e-09  1.79999995e+00 
 8.55500000e-09  0.00000000e+00  8.55500000e-09  1.79999994e+00 
 8.56500000e-09  0.00000000e+00  8.56500000e-09  1.79999995e+00 
 8.57500000e-09  0.00000000e+00  8.57500000e-09  1.79999994e+00 
 8.58500000e-09  0.00000000e+00  8.58500000e-09  1.79999995e+00 
 8.59500000e-09  0.00000000e+00  8.59500000e-09  1.79999994e+00 
 8.60500000e-09  0.00000000e+00  8.60500000e-09  1.79999995e+00 
 8.61500000e-09  0.00000000e+00  8.61500000e-09  1.79999994e+00 
 8.62500000e-09  0.00000000e+00  8.62500000e-09  1.79999995e+00 
 8.63500000e-09  0.00000000e+00  8.63500000e-09  1.79999995e+00 
 8.64500000e-09  0.00000000e+00  8.64500000e-09  1.79999995e+00 
 8.65500000e-09  0.00000000e+00  8.65500000e-09  1.79999995e+00 
 8.66500000e-09  0.00000000e+00  8.66500000e-09  1.79999995e+00 
 8.67500000e-09  0.00000000e+00  8.67500000e-09  1.79999995e+00 
 8.68500000e-09  0.00000000e+00  8.68500000e-09  1.79999995e+00 
 8.69500000e-09  0.00000000e+00  8.69500000e-09  1.79999995e+00 
 8.70500000e-09  0.00000000e+00  8.70500000e-09  1.79999995e+00 
 8.71500000e-09  0.00000000e+00  8.71500000e-09  1.79999995e+00 
 8.72500000e-09  0.00000000e+00  8.72500000e-09  1.79999995e+00 
 8.73500000e-09  0.00000000e+00  8.73500000e-09  1.79999995e+00 
 8.74500000e-09  0.00000000e+00  8.74500000e-09  1.79999995e+00 
 8.75500000e-09  0.00000000e+00  8.75500000e-09  1.79999995e+00 
 8.76500000e-09  0.00000000e+00  8.76500000e-09  1.79999995e+00 
 8.77500000e-09  0.00000000e+00  8.77500000e-09  1.79999995e+00 
 8.78500000e-09  0.00000000e+00  8.78500000e-09  1.79999995e+00 
 8.79500000e-09  0.00000000e+00  8.79500000e-09  1.79999995e+00 
 8.80500000e-09  0.00000000e+00  8.80500000e-09  1.79999995e+00 
 8.81500000e-09  0.00000000e+00  8.81500000e-09  1.79999995e+00 
 8.82500000e-09  0.00000000e+00  8.82500000e-09  1.79999995e+00 
 8.83500000e-09  0.00000000e+00  8.83500000e-09  1.79999995e+00 
 8.84500000e-09  0.00000000e+00  8.84500000e-09  1.79999995e+00 
 8.85500000e-09  0.00000000e+00  8.85500000e-09  1.79999995e+00 
 8.86500000e-09  0.00000000e+00  8.86500000e-09  1.79999995e+00 
 8.87500000e-09  0.00000000e+00  8.87500000e-09  1.79999995e+00 
 8.88500000e-09  0.00000000e+00  8.88500000e-09  1.79999995e+00 
 8.89500000e-09  0.00000000e+00  8.89500000e-09  1.79999995e+00 
 8.90500000e-09  0.00000000e+00  8.90500000e-09  1.79999995e+00 
 8.91500000e-09  0.00000000e+00  8.91500000e-09  1.79999995e+00 
 8.92500000e-09  0.00000000e+00  8.92500000e-09  1.79999996e+00 
 8.93500000e-09  0.00000000e+00  8.93500000e-09  1.79999995e+00 
 8.94500000e-09  0.00000000e+00  8.94500000e-09  1.79999996e+00 
 8.95500000e-09  0.00000000e+00  8.95500000e-09  1.79999995e+00 
 8.96500000e-09  0.00000000e+00  8.96500000e-09  1.79999996e+00 
 8.97500000e-09  0.00000000e+00  8.97500000e-09  1.79999995e+00 
 8.98500000e-09  0.00000000e+00  8.98500000e-09  1.79999996e+00 
 8.99500000e-09  0.00000000e+00  8.99500000e-09  1.79999995e+00 
 9.00500000e-09  0.00000000e+00  9.00500000e-09  1.79999996e+00 
 9.01500000e-09  0.00000000e+00  9.01500000e-09  1.79999995e+00 
 9.02500000e-09  0.00000000e+00  9.02500000e-09  1.79999996e+00 
 9.03500000e-09  0.00000000e+00  9.03500000e-09  1.79999995e+00 
 9.04500000e-09  0.00000000e+00  9.04500000e-09  1.79999996e+00 
 9.05500000e-09  0.00000000e+00  9.05500000e-09  1.79999995e+00 
 9.06500000e-09  0.00000000e+00  9.06500000e-09  1.79999996e+00 
 9.07500000e-09  0.00000000e+00  9.07500000e-09  1.79999995e+00 
 9.08500000e-09  0.00000000e+00  9.08500000e-09  1.79999996e+00 
 9.09500000e-09  0.00000000e+00  9.09500000e-09  1.79999995e+00 
 9.10500000e-09  0.00000000e+00  9.10500000e-09  1.79999996e+00 
 9.11500000e-09  0.00000000e+00  9.11500000e-09  1.79999995e+00 
 9.12500000e-09  0.00000000e+00  9.12500000e-09  1.79999996e+00 
 9.13500000e-09  0.00000000e+00  9.13500000e-09  1.79999995e+00 
 9.14500000e-09  0.00000000e+00  9.14500000e-09  1.79999996e+00 
 9.15500000e-09  0.00000000e+00  9.15500000e-09  1.79999995e+00 
 9.16500000e-09  0.00000000e+00  9.16500000e-09  1.79999996e+00 
 9.17500000e-09  0.00000000e+00  9.17500000e-09  1.79999995e+00 
 9.18500000e-09  0.00000000e+00  9.18500000e-09  1.79999996e+00 
 9.19500000e-09  0.00000000e+00  9.19500000e-09  1.79999995e+00 
 9.20500000e-09  0.00000000e+00  9.20500000e-09  1.79999996e+00 
 9.21500000e-09  0.00000000e+00  9.21500000e-09  1.79999995e+00 
 9.22500000e-09  0.00000000e+00  9.22500000e-09  1.79999996e+00 
 9.23500000e-09  0.00000000e+00  9.23500000e-09  1.79999995e+00 
 9.24500000e-09  0.00000000e+00  9.24500000e-09  1.79999996e+00 
 9.25500000e-09  0.00000000e+00  9.25500000e-09  1.79999995e+00 
 9.26500000e-09  0.00000000e+00  9.26500000e-09  1.79999996e+00 
 9.27500000e-09  0.00000000e+00  9.27500000e-09  1.79999995e+00 
 9.28500000e-09  0.00000000e+00  9.28500000e-09  1.79999996e+00 
 9.29500000e-09  0.00000000e+00  9.29500000e-09  1.79999995e+00 
 9.30500000e-09  0.00000000e+00  9.30500000e-09  1.79999996e+00 
 9.31500000e-09  0.00000000e+00  9.31500000e-09  1.79999995e+00 
 9.32500000e-09  0.00000000e+00  9.32500000e-09  1.79999996e+00 
 9.33500000e-09  0.00000000e+00  9.33500000e-09  1.79999995e+00 
 9.34500000e-09  0.00000000e+00  9.34500000e-09  1.79999996e+00 
 9.35500000e-09  0.00000000e+00  9.35500000e-09  1.79999995e+00 
 9.36500000e-09  0.00000000e+00  9.36500000e-09  1.79999996e+00 
 9.37500000e-09  0.00000000e+00  9.37500000e-09  1.79999995e+00 
 9.38500000e-09  0.00000000e+00  9.38500000e-09  1.79999996e+00 
 9.39500000e-09  0.00000000e+00  9.39500000e-09  1.79999995e+00 
 9.40500000e-09  0.00000000e+00  9.40500000e-09  1.79999996e+00 
 9.41500000e-09  0.00000000e+00  9.41500000e-09  1.79999995e+00 
 9.42500000e-09  0.00000000e+00  9.42500000e-09  1.79999996e+00 
 9.43500000e-09  0.00000000e+00  9.43500000e-09  1.79999995e+00 
 9.44500000e-09  0.00000000e+00  9.44500000e-09  1.79999996e+00 
 9.45500000e-09  0.00000000e+00  9.45500000e-09  1.79999995e+00 
 9.46500000e-09  0.00000000e+00  9.46500000e-09  1.79999996e+00 
 9.47500000e-09  0.00000000e+00  9.47500000e-09  1.79999995e+00 
 9.48500000e-09  0.00000000e+00  9.48500000e-09  1.79999996e+00 
 9.49500000e-09  0.00000000e+00  9.49500000e-09  1.79999995e+00 
 9.50500000e-09  0.00000000e+00  9.50500000e-09  1.79999996e+00 
 9.51500000e-09  0.00000000e+00  9.51500000e-09  1.79999996e+00 
 9.52500000e-09  0.00000000e+00  9.52500000e-09  1.79999996e+00 
 9.53500000e-09  0.00000000e+00  9.53500000e-09  1.79999996e+00 
 9.54500000e-09  0.00000000e+00  9.54500000e-09  1.79999996e+00 
 9.55500000e-09  0.00000000e+00  9.55500000e-09  1.79999996e+00 
 9.56500000e-09  0.00000000e+00  9.56500000e-09  1.79999996e+00 
 9.57500000e-09  0.00000000e+00  9.57500000e-09  1.79999996e+00 
 9.58500000e-09  0.00000000e+00  9.58500000e-09  1.79999996e+00 
 9.59500000e-09  0.00000000e+00  9.59500000e-09  1.79999996e+00 
 9.60500000e-09  0.00000000e+00  9.60500000e-09  1.79999997e+00 
 9.61500000e-09  0.00000000e+00  9.61500000e-09  1.79999996e+00 
 9.62500000e-09  0.00000000e+00  9.62500000e-09  1.79999997e+00 
 9.63500000e-09  0.00000000e+00  9.63500000e-09  1.79999996e+00 
 9.64500000e-09  0.00000000e+00  9.64500000e-09  1.79999997e+00 
 9.65500000e-09  0.00000000e+00  9.65500000e-09  1.79999996e+00 
 9.66500000e-09  0.00000000e+00  9.66500000e-09  1.79999997e+00 
 9.67500000e-09  0.00000000e+00  9.67500000e-09  1.79999996e+00 
 9.68500000e-09  0.00000000e+00  9.68500000e-09  1.79999997e+00 
 9.69500000e-09  0.00000000e+00  9.69500000e-09  1.79999996e+00 
 9.70500000e-09  0.00000000e+00  9.70500000e-09  1.79999997e+00 
 9.71500000e-09  0.00000000e+00  9.71500000e-09  1.79999996e+00 
 9.72500000e-09  0.00000000e+00  9.72500000e-09  1.79999997e+00 
 9.73500000e-09  0.00000000e+00  9.73500000e-09  1.79999996e+00 
 9.74500000e-09  0.00000000e+00  9.74500000e-09  1.79999997e+00 
 9.75500000e-09  0.00000000e+00  9.75500000e-09  1.79999996e+00 
 9.76500000e-09  0.00000000e+00  9.76500000e-09  1.79999997e+00 
 9.77500000e-09  0.00000000e+00  9.77500000e-09  1.79999996e+00 
 9.78500000e-09  0.00000000e+00  9.78500000e-09  1.79999997e+00 
 9.79500000e-09  0.00000000e+00  9.79500000e-09  1.79999996e+00 
 9.80500000e-09  0.00000000e+00  9.80500000e-09  1.79999997e+00 
 9.81500000e-09  0.00000000e+00  9.81500000e-09  1.79999996e+00 
 9.82500000e-09  0.00000000e+00  9.82500000e-09  1.79999997e+00 
 9.83500000e-09  0.00000000e+00  9.83500000e-09  1.79999996e+00 
 9.84500000e-09  0.00000000e+00  9.84500000e-09  1.79999997e+00 
 9.85500000e-09  0.00000000e+00  9.85500000e-09  1.79999996e+00 
 9.86500000e-09  0.00000000e+00  9.86500000e-09  1.79999997e+00 
 9.87500000e-09  0.00000000e+00  9.87500000e-09  1.79999996e+00 
 9.88500000e-09  0.00000000e+00  9.88500000e-09  1.79999997e+00 
 9.89500000e-09  0.00000000e+00  9.89500000e-09  1.79999996e+00 
 9.90500000e-09  0.00000000e+00  9.90500000e-09  1.79999997e+00 
 9.91500000e-09  0.00000000e+00  9.91500000e-09  1.79999996e+00 
 9.92500000e-09  0.00000000e+00  9.92500000e-09  1.79999997e+00 
 9.93500000e-09  0.00000000e+00  9.93500000e-09  1.79999996e+00 
 9.94500000e-09  0.00000000e+00  9.94500000e-09  1.79999997e+00 
 9.95500000e-09  0.00000000e+00  9.95500000e-09  1.79999996e+00 
 9.96500000e-09  0.00000000e+00  9.96500000e-09  1.79999997e+00 
 9.97500000e-09  0.00000000e+00  9.97500000e-09  1.79999996e+00 
 9.98500000e-09  0.00000000e+00  9.98500000e-09  1.79999997e+00 
 9.99500000e-09  0.00000000e+00  9.99500000e-09  1.79999996e+00 
 1.00000000e-08  0.00000000e+00  1.00000000e-08  1.79999997e+00 
 1.00010000e-08  3.60000000e-03  1.00010000e-08  1.80024914e+00 
 1.00030000e-08  1.08000000e-02  1.00030000e-08  1.80085315e+00 
 1.00070000e-08  2.52000000e-02  1.00070000e-08  1.80232286e+00 
 1.00150000e-08  5.40000000e-02  1.00150000e-08  1.80485568e+00 
 1.00250000e-08  9.00000000e-02  1.00250000e-08  1.80692242e+00 
 1.00350000e-08  1.26000000e-01  1.00350000e-08  1.80825554e+00 
 1.00450000e-08  1.62000000e-01  1.00450000e-08  1.80913665e+00 
 1.00550000e-08  1.98000000e-01  1.00550000e-08  1.80976417e+00 
 1.00650000e-08  2.34000000e-01  1.00650000e-08  1.81026711e+00 
 1.00750000e-08  2.70000000e-01  1.00750000e-08  1.81071491e+00 
 1.00850000e-08  3.06000000e-01  1.00850000e-08  1.81114983e+00 
 1.00950000e-08  3.42000000e-01  1.00950000e-08  1.81159770e+00 
 1.01050000e-08  3.78000000e-01  1.01050000e-08  1.81207569e+00 
 1.01150000e-08  4.14000000e-01  1.01150000e-08  1.81259516e+00 
 1.01250000e-08  4.50000000e-01  1.01250000e-08  1.81316175e+00 
 1.01350000e-08  4.86000000e-01  1.01350000e-08  1.81377154e+00 
 1.01450000e-08  5.22000000e-01  1.01450000e-08  1.81440087e+00 
 1.01550000e-08  5.58000000e-01  1.01550000e-08  1.81498541e+00 
 1.01650000e-08  5.94000000e-01  1.01650000e-08  1.81538427e+00 
 1.01750000e-08  6.30000000e-01  1.01750000e-08  1.81535924e+00 
 1.01850000e-08  6.66000000e-01  1.01850000e-08  1.81455741e+00 
 1.01950000e-08  7.02000000e-01  1.01950000e-08  1.81233668e+00 
 1.02050000e-08  7.38000000e-01  1.02050000e-08  1.80799098e+00 
 1.02150000e-08  7.74000000e-01  1.02150000e-08  1.80076283e+00 
 1.02250000e-08  8.10000000e-01  1.02250000e-08  1.78993986e+00 
 1.02350000e-08  8.46000000e-01  1.02350000e-08  1.77499299e+00 
 1.02450000e-08  8.82000000e-01  1.02450000e-08  1.75536143e+00 
 1.02550000e-08  9.18000000e-01  1.02550000e-08  1.72996135e+00 
 1.02650000e-08  9.54000000e-01  1.02650000e-08  1.69743123e+00 
 1.02750000e-08  9.90000000e-01  1.02750000e-08  1.65571907e+00 
 1.02850000e-08  1.02600000e+00  1.02850000e-08  1.60245486e+00 
 1.02950000e-08  1.06200000e+00  1.02950000e-08  1.53672888e+00 
 1.03050000e-08  1.09800000e+00  1.03050000e-08  1.45885154e+00 
 1.03150000e-08  1.13400000e+00  1.03150000e-08  1.36864137e+00 
 1.03250000e-08  1.17000000e+00  1.03250000e-08  1.26494469e+00 
 1.03350000e-08  1.20600000e+00  1.03350000e-08  1.14472067e+00 
 1.03450000e-08  1.24200000e+00  1.03450000e-08  9.98205254e-01 
 1.03550000e-08  1.27800000e+00  1.03550000e-08  7.95660331e-01 
 1.03650000e-08  1.31400000e+00  1.03650000e-08  5.33287411e-01 
 1.03750000e-08  1.35000000e+00  1.03750000e-08  2.83011026e-01 
 1.03850000e-08  1.38600000e+00  1.03850000e-08  1.33789246e-01 
 1.03950000e-08  1.42200000e+00  1.03950000e-08  6.69953597e-02 
 1.04050000e-08  1.45800000e+00  1.04050000e-08  3.82062080e-02 
 1.04150000e-08  1.49400000e+00  1.04150000e-08  2.62864195e-02 
 1.04250000e-08  1.53000000e+00  1.04250000e-08  2.02322882e-02 
 1.04350000e-08  1.56600000e+00  1.04350000e-08  1.70137747e-02 
 1.04450000e-08  1.60200000e+00  1.04450000e-08  1.48629619e-02 
 1.04550000e-08  1.63800000e+00  1.04550000e-08  1.34350326e-02 
 1.04650000e-08  1.67400000e+00  1.04650000e-08  1.23421022e-02 
 1.04750000e-08  1.71000000e+00  1.04750000e-08  1.15174205e-02 
 1.04850000e-08  1.74600000e+00  1.04850000e-08  1.08560324e-02 
 1.04950000e-08  1.78200000e+00  1.04950000e-08  1.03178292e-02 
 1.05000000e-08  1.80000000e+00  1.05000000e-08  1.00914026e-02 
 1.05010000e-08  1.80000000e+00  1.05010000e-08  9.44539772e-03 
 1.05030000e-08  1.80000000e+00  1.05030000e-08  8.26087557e-03 
 1.05070000e-08  1.80000000e+00  1.05070000e-08  6.47466691e-03 
 1.05150000e-08  1.80000000e+00  1.05150000e-08  4.52765478e-03 
 1.05250000e-08  1.80000000e+00  1.05250000e-08  3.53796355e-03 
 1.05350000e-08  1.80000000e+00  1.05350000e-08  3.08124442e-03 
 1.05450000e-08  1.80000000e+00  1.05450000e-08  2.78557946e-03 
 1.05550000e-08  1.80000000e+00  1.05550000e-08  2.55479428e-03 
 1.05650000e-08  1.80000000e+00  1.05650000e-08  2.36202222e-03 
 1.05750000e-08  1.80000000e+00  1.05750000e-08  2.19601787e-03 
 1.05850000e-08  1.80000000e+00  1.05850000e-08  2.05129212e-03 
 1.05950000e-08  1.80000000e+00  1.05950000e-08  1.92366729e-03 
 1.06050000e-08  1.80000000e+00  1.06050000e-08  1.81045744e-03 
 1.06150000e-08  1.80000000e+00  1.06150000e-08  1.70922176e-03 
 1.06250000e-08  1.80000000e+00  1.06250000e-08  1.61832740e-03 
 1.06350000e-08  1.80000000e+00  1.06350000e-08  1.53616129e-03 
 1.06450000e-08  1.80000000e+00  1.06450000e-08  1.46167886e-03 
 1.06550000e-08  1.80000000e+00  1.06550000e-08  1.39374090e-03 
 1.06650000e-08  1.80000000e+00  1.06650000e-08  1.33166973e-03 
 1.06750000e-08  1.80000000e+00  1.06750000e-08  1.27461730e-03 
 1.06850000e-08  1.80000000e+00  1.06850000e-08  1.22214728e-03 
 1.06950000e-08  1.80000000e+00  1.06950000e-08  1.17359850e-03 
 1.07050000e-08  1.80000000e+00  1.07050000e-08  1.12869944e-03 
 1.07150000e-08  1.80000000e+00  1.07150000e-08  1.08691284e-03 
 1.07250000e-08  1.80000000e+00  1.07250000e-08  1.04808325e-03 
 1.07350000e-08  1.80000000e+00  1.07350000e-08  1.01175753e-03 
 1.07450000e-08  1.80000000e+00  1.07450000e-08  9.77864241e-04 
 1.07550000e-08  1.80000000e+00  1.07550000e-08  9.46008497e-04 
 1.07650000e-08  1.80000000e+00  1.07650000e-08  9.16181110e-04 
 1.07750000e-08  1.80000000e+00  1.07750000e-08  8.88028138e-04 
 1.07850000e-08  1.80000000e+00  1.07850000e-08  8.61587599e-04 
 1.07950000e-08  1.80000000e+00  1.07950000e-08  8.36534615e-04 
 1.08050000e-08  1.80000000e+00  1.08050000e-08  8.12943739e-04 
 1.08150000e-08  1.80000000e+00  1.08150000e-08  7.90510872e-04 
 1.08250000e-08  1.80000000e+00  1.08250000e-08  7.69339386e-04 
 1.08350000e-08  1.80000000e+00  1.08350000e-08  7.49140086e-04 
 1.08450000e-08  1.80000000e+00  1.08450000e-08  7.30039471e-04 
 1.08550000e-08  1.80000000e+00  1.08550000e-08  7.11759021e-04 
 1.08650000e-08  1.80000000e+00  1.08650000e-08  6.94444094e-04 
 1.08750000e-08  1.80000000e+00  1.08750000e-08  6.77823773e-04 
 1.08850000e-08  1.80000000e+00  1.08850000e-08  6.62059015e-04 
 1.08950000e-08  1.80000000e+00  1.08950000e-08  6.46884250e-04 
 1.09050000e-08  1.80000000e+00  1.09050000e-08  6.32473509e-04 
 1.09150000e-08  1.80000000e+00  1.09150000e-08  6.18564898e-04 
 1.09250000e-08  1.80000000e+00  1.09250000e-08  6.05343539e-04 
 1.09350000e-08  1.80000000e+00  1.09350000e-08  5.92549975e-04 
 1.09450000e-08  1.80000000e+00  1.09450000e-08  5.80378827e-04 
 1.09550000e-08  1.80000000e+00  1.09550000e-08  5.68572157e-04 
 1.09650000e-08  1.80000000e+00  1.09650000e-08  5.57332802e-04 
 1.09750000e-08  1.80000000e+00  1.09750000e-08  5.46403655e-04 
 1.09850000e-08  1.80000000e+00  1.09850000e-08  5.35994717e-04 
 1.09950000e-08  1.80000000e+00  1.09950000e-08  5.25849202e-04 
 1.10050000e-08  1.80000000e+00  1.10050000e-08  5.16183401e-04 
 1.10150000e-08  1.80000000e+00  1.10150000e-08  5.06740474e-04 
 1.10250000e-08  1.80000000e+00  1.10250000e-08  4.97742272e-04 
 1.10350000e-08  1.80000000e+00  1.10350000e-08  4.88931625e-04 
 1.10450000e-08  1.80000000e+00  1.10450000e-08  4.80535324e-04 
 1.10550000e-08  1.80000000e+00  1.10550000e-08  4.72295672e-04 
 1.10650000e-08  1.80000000e+00  1.10650000e-08  4.64443868e-04 
 1.10750000e-08  1.80000000e+00  1.10750000e-08  4.56721552e-04 
 1.10850000e-08  1.80000000e+00  1.10850000e-08  4.49363872e-04 
 1.10950000e-08  1.80000000e+00  1.10950000e-08  4.42111716e-04 
 1.11050000e-08  1.80000000e+00  1.11050000e-08  4.35203780e-04 
 1.11150000e-08  1.80000000e+00  1.11150000e-08  4.28380145e-04 
 1.11250000e-08  1.80000000e+00  1.11250000e-08  4.21882701e-04 
 1.11350000e-08  1.80000000e+00  1.11350000e-08  4.15450697e-04 
 1.11450000e-08  1.80000000e+00  1.11450000e-08  4.09328905e-04 
 1.11550000e-08  1.80000000e+00  1.11550000e-08  4.03255739e-04 
 1.11650000e-08  1.80000000e+00  1.11650000e-08  3.97478572e-04 
 1.11750000e-08  1.80000000e+00  1.11750000e-08  3.91734994e-04 
 1.11850000e-08  1.80000000e+00  1.11850000e-08  3.86274730e-04 
 1.11950000e-08  1.80000000e+00  1.11950000e-08  3.80834571e-04 
 1.12050000e-08  1.80000000e+00  1.12050000e-08  3.75666367e-04 
 1.12150000e-08  1.80000000e+00  1.12150000e-08  3.70506144e-04 
 1.12250000e-08  1.80000000e+00  1.12250000e-08  3.65607672e-04 
 1.12350000e-08  1.80000000e+00  1.12350000e-08  3.60706255e-04 
 1.12450000e-08  1.80000000e+00  1.12450000e-08  3.56057395e-04 
 1.12550000e-08  1.80000000e+00  1.12550000e-08  3.51395719e-04 
 1.12650000e-08  1.80000000e+00  1.12650000e-08  3.46978290e-04 
 1.12750000e-08  1.80000000e+00  1.12750000e-08  3.42539111e-04 
 1.12850000e-08  1.80000000e+00  1.12850000e-08  3.38336645e-04 
 1.12950000e-08  1.80000000e+00  1.12950000e-08  3.34104329e-04 
 1.13050000e-08  1.80000000e+00  1.13050000e-08  3.30101877e-04 
 1.13150000e-08  1.80000000e+00  1.13150000e-08  3.26062214e-04 
 1.13250000e-08  1.80000000e+00  1.13250000e-08  3.22246172e-04 
 1.13350000e-08  1.80000000e+00  1.13350000e-08  3.18386220e-04 
 1.13450000e-08  1.80000000e+00  1.13450000e-08  3.14744184e-04 
 1.13550000e-08  1.80000000e+00  1.13550000e-08  3.11052133e-04 
 1.13650000e-08  1.80000000e+00  1.13650000e-08  3.07572768e-04 
 1.13750000e-08  1.80000000e+00  1.13750000e-08  3.04037816e-04 
 1.13850000e-08  1.80000000e+00  1.13850000e-08  3.00710744e-04 
 1.13950000e-08  1.80000000e+00  1.13950000e-08  2.97322995e-04 
 1.14050000e-08  1.80000000e+00  1.14050000e-08  2.94138697e-04 
 1.14150000e-08  1.80000000e+00  1.14150000e-08  2.90889066e-04 
 1.14250000e-08  1.80000000e+00  1.14250000e-08  2.87838795e-04 
 1.14350000e-08  1.80000000e+00  1.14350000e-08  2.84718928e-04 
 1.14450000e-08  1.80000000e+00  1.14450000e-08  2.81794633e-04 
 1.14550000e-08  1.80000000e+00  1.14550000e-08  2.78796835e-04 
 1.14650000e-08  1.80000000e+00  1.14650000e-08  2.75991091e-04 
 1.14750000e-08  1.80000000e+00  1.14750000e-08  2.73108262e-04 
 1.14850000e-08  1.80000000e+00  1.14850000e-08  2.70414214e-04 
 1.14950000e-08  1.80000000e+00  1.14950000e-08  2.67639794e-04 
 1.15050000e-08  1.80000000e+00  1.15050000e-08  2.65051102e-04 
 1.15150000e-08  1.80000000e+00  1.15150000e-08  2.62379018e-04 
 1.15250000e-08  1.80000000e+00  1.15250000e-08  2.59889808e-04 
 1.15350000e-08  1.80000000e+00  1.15350000e-08  2.57314435e-04 
 1.15450000e-08  1.80000000e+00  1.15450000e-08  2.54919257e-04 
 1.15550000e-08  1.80000000e+00  1.15550000e-08  2.52435372e-04 
 1.15650000e-08  1.80000000e+00  1.15650000e-08  2.50129168e-04 
 1.15750000e-08  1.80000000e+00  1.15750000e-08  2.47731917e-04 
 1.15850000e-08  1.80000000e+00  1.15850000e-08  2.45509980e-04 
 1.15950000e-08  1.80000000e+00  1.15950000e-08  2.43194847e-04 
 1.16050000e-08  1.80000000e+00  1.16050000e-08  2.41052793e-04 
 1.16150000e-08  1.80000000e+00  1.16150000e-08  2.38815570e-04 
 1.16250000e-08  1.80000000e+00  1.16250000e-08  2.36749312e-04 
 1.16350000e-08  1.80000000e+00  1.16350000e-08  2.34586075e-04 
 1.16450000e-08  1.80000000e+00  1.16450000e-08  2.32591798e-04 
 1.16550000e-08  1.80000000e+00  1.16550000e-08  2.30498879e-04 
 1.16650000e-08  1.80000000e+00  1.16650000e-08  2.28573019e-04 
 1.16750000e-08  1.80000000e+00  1.16750000e-08  2.26546991e-04 
 1.16850000e-08  1.80000000e+00  1.16850000e-08  2.24686211e-04 
 1.16950000e-08  1.80000000e+00  1.16950000e-08  2.22723866e-04 
 1.17050000e-08  1.80000000e+00  1.17050000e-08  2.20925041e-04 
 1.17150000e-08  1.80000000e+00  1.17150000e-08  2.19023372e-04 
 1.17250000e-08  1.80000000e+00  1.17250000e-08  2.17283573e-04 
 1.17350000e-08  1.80000000e+00  1.17350000e-08  2.15439761e-04 
 1.17450000e-08  1.80000000e+00  1.17450000e-08  2.13756238e-04 
 1.17550000e-08  1.80000000e+00  1.17550000e-08  2.11967635e-04 
 1.17650000e-08  1.80000000e+00  1.17650000e-08  2.10337806e-04 
 1.17750000e-08  1.80000000e+00  1.17750000e-08  2.08601923e-04 
 1.17850000e-08  1.80000000e+00  1.17850000e-08  2.07023358e-04 
 1.17950000e-08  1.80000000e+00  1.17950000e-08  2.05337856e-04 
 1.18050000e-08  1.80000000e+00  1.18050000e-08  2.03808268e-04 
 1.18150000e-08  1.80000000e+00  1.18150000e-08  2.02170942e-04 
 1.18250000e-08  1.80000000e+00  1.18250000e-08  2.00688180e-04 
 1.18350000e-08  1.80000000e+00  1.18350000e-08  1.99096952e-04 
 1.18450000e-08  1.80000000e+00  1.18450000e-08  1.97658984e-04 
 1.18550000e-08  1.80000000e+00  1.18550000e-08  1.96111896e-04 
 1.18650000e-08  1.80000000e+00  1.18650000e-08  1.94716805e-04 
 1.18750000e-08  1.80000000e+00  1.18750000e-08  1.93212008e-04 
 1.18850000e-08  1.80000000e+00  1.18850000e-08  1.91857986e-04 
 1.18950000e-08  1.80000000e+00  1.18950000e-08  1.90393732e-04 
 1.19050000e-08  1.80000000e+00  1.19050000e-08  1.89079068e-04 
 1.19150000e-08  1.80000000e+00  1.19150000e-08  1.87653706e-04 
 1.19250000e-08  1.80000000e+00  1.19250000e-08  1.86376782e-04 
 1.19350000e-08  1.80000000e+00  1.19350000e-08  1.84988748e-04 
 1.19450000e-08  1.80000000e+00  1.19450000e-08  1.83748033e-04 
 1.19550000e-08  1.80000000e+00  1.19550000e-08  1.82395847e-04 
 1.19650000e-08  1.80000000e+00  1.19650000e-08  1.81189890e-04 
 1.19750000e-08  1.80000000e+00  1.19750000e-08  1.79872149e-04 
 1.19850000e-08  1.80000000e+00  1.19850000e-08  1.78699575e-04 
 1.19950000e-08  1.80000000e+00  1.19950000e-08  1.77414950e-04 
 1.20050000e-08  1.80000000e+00  1.20050000e-08  1.76274454e-04 
 1.20150000e-08  1.80000000e+00  1.20150000e-08  1.75021682e-04 
 1.20250000e-08  1.80000000e+00  1.20250000e-08  1.73912026e-04 
 1.20350000e-08  1.80000000e+00  1.20350000e-08  1.72689908e-04 
 1.20450000e-08  1.80000000e+00  1.20450000e-08  1.71609916e-04 
 1.20550000e-08  1.80000000e+00  1.20550000e-08  1.70417314e-04 
 1.20650000e-08  1.80000000e+00  1.20650000e-08  1.69365868e-04 
 1.20750000e-08  1.80000000e+00  1.20750000e-08  1.68201698e-04 
 1.20850000e-08  1.80000000e+00  1.20850000e-08  1.67177734e-04 
 1.20950000e-08  1.80000000e+00  1.20950000e-08  1.66040966e-04 
 1.21050000e-08  1.80000000e+00  1.21050000e-08  1.65043473e-04 
 1.21150000e-08  1.80000000e+00  1.21150000e-08  1.63933126e-04 
 1.21250000e-08  1.80000000e+00  1.21250000e-08  1.62961140e-04 
 1.21350000e-08  1.80000000e+00  1.21350000e-08  1.61876280e-04 
 1.21450000e-08  1.80000000e+00  1.21450000e-08  1.60928883e-04 
 1.21550000e-08  1.80000000e+00  1.21550000e-08  1.59868619e-04 
 1.21650000e-08  1.80000000e+00  1.21650000e-08  1.58944937e-04 
 1.21750000e-08  1.80000000e+00  1.21750000e-08  1.57908419e-04 
 1.21850000e-08  1.80000000e+00  1.21850000e-08  1.57007616e-04 
 1.21950000e-08  1.80000000e+00  1.21950000e-08  1.55994035e-04 
 1.22050000e-08  1.80000000e+00  1.22050000e-08  1.55115314e-04 
 1.22150000e-08  1.80000000e+00  1.22150000e-08  1.54123895e-04 
 1.22250000e-08  1.80000000e+00  1.22250000e-08  1.53266497e-04 
 1.22350000e-08  1.80000000e+00  1.22350000e-08  1.52296502e-04 
 1.22450000e-08  1.80000000e+00  1.22450000e-08  1.51459699e-04 
 1.22550000e-08  1.80000000e+00  1.22550000e-08  1.50510420e-04 
 1.22650000e-08  1.80000000e+00  1.22650000e-08  1.49693519e-04 
 1.22750000e-08  1.80000000e+00  1.22750000e-08  1.48764281e-04 
 1.22850000e-08  1.80000000e+00  1.22850000e-08  1.47966617e-04 
 1.22950000e-08  1.80000000e+00  1.22950000e-08  1.47056775e-04 
 1.23050000e-08  1.80000000e+00  1.23050000e-08  1.46277711e-04 
 1.23150000e-08  1.80000000e+00  1.23150000e-08  1.45386646e-04 
 1.23250000e-08  1.80000000e+00  1.23250000e-08  1.44625576e-04 
 1.23350000e-08  1.80000000e+00  1.23350000e-08  1.43752695e-04 
 1.23450000e-08  1.80000000e+00  1.23450000e-08  1.43009036e-04 
 1.23550000e-08  1.80000000e+00  1.23550000e-08  1.42153772e-04 
 1.23650000e-08  1.80000000e+00  1.23650000e-08  1.41426966e-04 
 1.23750000e-08  1.80000000e+00  1.23750000e-08  1.40588775e-04 
 1.23850000e-08  1.80000000e+00  1.23850000e-08  1.39878286e-04 
 1.23950000e-08  1.80000000e+00  1.23950000e-08  1.39056647e-04 
 1.24050000e-08  1.80000000e+00  1.24050000e-08  1.38361964e-04 
 1.24150000e-08  1.80000000e+00  1.24150000e-08  1.37556376e-04 
 1.24250000e-08  1.80000000e+00  1.24250000e-08  1.36877006e-04 
 1.24350000e-08  1.80000000e+00  1.24350000e-08  1.36086988e-04 
 1.24450000e-08  1.80000000e+00  1.24450000e-08  1.35422459e-04 
 1.24550000e-08  1.80000000e+00  1.24550000e-08  1.34647552e-04 
 1.24650000e-08  1.80000000e+00  1.24650000e-08  1.33997411e-04 
 1.24750000e-08  1.80000000e+00  1.24750000e-08  1.33237170e-04 
 1.24850000e-08  1.80000000e+00  1.24850000e-08  1.32600981e-04 
 1.24950000e-08  1.80000000e+00  1.24950000e-08  1.31854982e-04 
 1.25050000e-08  1.80000000e+00  1.25050000e-08  1.31232327e-04 
 1.25150000e-08  1.80000000e+00  1.25150000e-08  1.30500160e-04 
 1.25250000e-08  1.80000000e+00  1.25250000e-08  1.29890638e-04 
 1.25350000e-08  1.80000000e+00  1.25350000e-08  1.29171909e-04 
 1.25450000e-08  1.80000000e+00  1.25450000e-08  1.28575132e-04 
 1.25550000e-08  1.80000000e+00  1.25550000e-08  1.27869464e-04 
 1.25650000e-08  1.80000000e+00  1.25650000e-08  1.27285060e-04 
 1.25750000e-08  1.80000000e+00  1.25750000e-08  1.26592088e-04 
 1.25850000e-08  1.80000000e+00  1.25850000e-08  1.26019700e-04 
 1.25950000e-08  1.80000000e+00  1.25950000e-08  1.25339073e-04 
 1.26050000e-08  1.80000000e+00  1.26050000e-08  1.24778357e-04 
 1.26150000e-08  1.80000000e+00  1.26150000e-08  1.24109736e-04 
 1.26250000e-08  1.80000000e+00  1.26250000e-08  1.23560360e-04 
 1.26350000e-08  1.80000000e+00  1.26350000e-08  1.22903421e-04 
 1.26450000e-08  1.80000000e+00  1.26450000e-08  1.22365065e-04 
 1.26550000e-08  1.80000000e+00  1.26550000e-08  1.21719494e-04 
 1.26650000e-08  1.80000000e+00  1.26650000e-08  1.21191851e-04 
 1.26750000e-08  1.80000000e+00  1.26750000e-08  1.20557345e-04 
 1.26850000e-08  1.80000000e+00  1.26850000e-08  1.20040117e-04 
 1.26950000e-08  1.80000000e+00  1.26950000e-08  1.19416385e-04 
 1.27050000e-08  1.80000000e+00  1.27050000e-08  1.18909288e-04 
 1.27150000e-08  1.80000000e+00  1.27150000e-08  1.18296048e-04 
 1.27250000e-08  1.80000000e+00  1.27250000e-08  1.17798804e-04 
 1.27350000e-08  1.80000000e+00  1.27350000e-08  1.17195784e-04 
 1.27450000e-08  1.80000000e+00  1.27450000e-08  1.16708128e-04 
 1.27550000e-08  1.80000000e+00  1.27550000e-08  1.16115067e-04 
 1.27650000e-08  1.80000000e+00  1.27650000e-08  1.15636741e-04 
 1.27750000e-08  1.80000000e+00  1.27750000e-08  1.15053386e-04 
 1.27850000e-08  1.80000000e+00  1.27850000e-08  1.14584143e-04 
 1.27950000e-08  1.80000000e+00  1.27950000e-08  1.14010247e-04 
 1.28050000e-08  1.80000000e+00  1.28050000e-08  1.13549848e-04 
 1.28150000e-08  1.80000000e+00  1.28150000e-08  1.12985176e-04 
 1.28250000e-08  1.80000000e+00  1.28250000e-08  1.12533388e-04 
 1.28350000e-08  1.80000000e+00  1.28350000e-08  1.11977713e-04 
 1.28450000e-08  1.80000000e+00  1.28450000e-08  1.11534313e-04 
 1.28550000e-08  1.80000000e+00  1.28550000e-08  1.10987413e-04 
 1.28650000e-08  1.80000000e+00  1.28650000e-08  1.10552185e-04 
 1.28750000e-08  1.80000000e+00  1.28750000e-08  1.10013846e-04 
 1.28850000e-08  1.80000000e+00  1.28850000e-08  1.09586582e-04 
 1.28950000e-08  1.80000000e+00  1.28950000e-08  1.09056597e-04 
 1.29050000e-08  1.80000000e+00  1.29050000e-08  1.08637094e-04 
 1.29150000e-08  1.80000000e+00  1.29150000e-08  1.08115263e-04 
 1.29250000e-08  1.80000000e+00  1.29250000e-08  1.07703327e-04 
 1.29350000e-08  1.80000000e+00  1.29350000e-08  1.07189457e-04 
 1.29450000e-08  1.80000000e+00  1.29450000e-08  1.06784899e-04 
 1.29550000e-08  1.80000000e+00  1.29550000e-08  1.06278802e-04 
 1.29650000e-08  1.80000000e+00  1.29650000e-08  1.05881437e-04 
 1.29750000e-08  1.80000000e+00  1.29750000e-08  1.05382932e-04 
 1.29850000e-08  1.80000000e+00  1.29850000e-08  1.04992586e-04 
 1.29950000e-08  1.80000000e+00  1.29950000e-08  1.04501496e-04 
 1.30050000e-08  1.80000000e+00  1.30050000e-08  1.04117995e-04 
 1.30150000e-08  1.80000000e+00  1.30150000e-08  1.03634152e-04 
 1.30250000e-08  1.80000000e+00  1.30250000e-08  1.03257331e-04 
 1.30350000e-08  1.80000000e+00  1.30350000e-08  1.02780568e-04 
 1.30450000e-08  1.80000000e+00  1.30450000e-08  1.02410266e-04 
 1.30550000e-08  1.80000000e+00  1.30550000e-08  1.01940423e-04 
 1.30650000e-08  1.80000000e+00  1.30650000e-08  1.01576484e-04 
 1.30750000e-08  1.80000000e+00  1.30750000e-08  1.01113406e-04 
 1.30850000e-08  1.80000000e+00  1.30850000e-08  1.00755680e-04 
 1.30950000e-08  1.80000000e+00  1.30950000e-08  1.00299216e-04 
 1.31050000e-08  1.80000000e+00  1.31050000e-08  9.99475562e-05 
 1.31150000e-08  1.80000000e+00  1.31150000e-08  9.94975610e-05 
 1.31250000e-08  1.80000000e+00  1.31250000e-08  9.91518247e-05 
 1.31350000e-08  1.80000000e+00  1.31350000e-08  9.87081560e-05 
 1.31450000e-08  1.80000000e+00  1.31450000e-08  9.83682061e-05 
 1.31550000e-08  1.80000000e+00  1.31550000e-08  9.79307264e-05 
 1.31650000e-08  1.80000000e+00  1.31650000e-08  9.75964293e-05 
 1.31750000e-08  1.80000000e+00  1.31750000e-08  9.71650049e-05 
 1.31850000e-08  1.80000000e+00  1.31850000e-08  9.68362312e-05 
 1.31950000e-08  1.80000000e+00  1.31950000e-08  9.64107324e-05 
 1.32050000e-08  1.80000000e+00  1.32050000e-08  9.60873563e-05 
 1.32150000e-08  1.80000000e+00  1.32150000e-08  9.56676571e-05 
 1.32250000e-08  1.80000000e+00  1.32250000e-08  9.53495565e-05 
 1.32350000e-08  1.80000000e+00  1.32350000e-08  9.49355346e-05 
 1.32450000e-08  1.80000000e+00  1.32450000e-08  9.46225911e-05 
 1.32550000e-08  1.80000000e+00  1.32550000e-08  9.42141274e-05 
 1.32650000e-08  1.80000000e+00  1.32650000e-08  9.39062260e-05 
 1.32750000e-08  1.80000000e+00  1.32750000e-08  9.35032050e-05 
 1.32850000e-08  1.80000000e+00  1.32850000e-08  9.32002339e-05 
 1.32950000e-08  1.80000000e+00  1.32950000e-08  9.28025433e-05 
 1.33050000e-08  1.80000000e+00  1.33050000e-08  9.25043939e-05 
 1.33150000e-08  1.80000000e+00  1.33150000e-08  9.21119244e-05 
 1.33250000e-08  1.80000000e+00  1.33250000e-08  9.18184914e-05 
 1.33350000e-08  1.80000000e+00  1.33350000e-08  9.14311366e-05 
 1.33450000e-08  1.80000000e+00  1.33450000e-08  9.11423174e-05 
 1.33550000e-08  1.80000000e+00  1.33550000e-08  9.07599742e-05 
 1.33650000e-08  1.80000000e+00  1.33650000e-08  9.04756692e-05 
 1.33750000e-08  1.80000000e+00  1.33750000e-08  9.00982369e-05 
 1.33850000e-08  1.80000000e+00  1.33850000e-08  8.98183493e-05 
 1.33950000e-08  1.80000000e+00  1.33950000e-08  8.94457301e-05 
 1.34050000e-08  1.80000000e+00  1.34050000e-08  8.91701657e-05 
 1.34150000e-08  1.80000000e+00  1.34150000e-08  8.88022643e-05 
 1.34250000e-08  1.80000000e+00  1.34250000e-08  8.85309316e-05 
 1.34350000e-08  1.80000000e+00  1.34350000e-08  8.81676555e-05 
 1.34450000e-08  1.80000000e+00  1.34450000e-08  8.79004653e-05 
 1.34550000e-08  1.80000000e+00  1.34550000e-08  8.75417241e-05 
 1.34650000e-08  1.80000000e+00  1.34650000e-08  8.72785898e-05 
 1.34750000e-08  1.80000000e+00  1.34750000e-08  8.69242957e-05 
 1.34850000e-08  1.80000000e+00  1.34850000e-08  8.66651329e-05 
 1.34950000e-08  1.80000000e+00  1.34950000e-08  8.63152003e-05 
 1.35050000e-08  1.80000000e+00  1.35050000e-08  8.60599270e-05 
 1.35150000e-08  1.80000000e+00  1.35150000e-08  8.57142725e-05 
 1.35250000e-08  1.80000000e+00  1.35250000e-08  8.54628088e-05 
 1.35350000e-08  1.80000000e+00  1.35350000e-08  8.51213512e-05 
 1.35450000e-08  1.80000000e+00  1.35450000e-08  8.48736194e-05 
 1.35550000e-08  1.80000000e+00  1.35550000e-08  8.45362795e-05 
 1.35650000e-08  1.80000000e+00  1.35650000e-08  8.42922037e-05 
 1.35750000e-08  1.80000000e+00  1.35750000e-08  8.39589044e-05 
 1.35850000e-08  1.80000000e+00  1.35850000e-08  8.37184109e-05 
 1.35950000e-08  1.80000000e+00  1.35950000e-08  8.33890770e-05 
 1.36050000e-08  1.80000000e+00  1.36050000e-08  8.31520940e-05 
 1.36150000e-08  1.80000000e+00  1.36150000e-08  8.28266521e-05 
 1.36250000e-08  1.80000000e+00  1.36250000e-08  8.25931097e-05 
 1.36350000e-08  1.80000000e+00  1.36350000e-08  8.22714883e-05 
 1.36450000e-08  1.80000000e+00  1.36450000e-08  8.20413182e-05 
 1.36550000e-08  1.80000000e+00  1.36550000e-08  8.17234475e-05 
 1.36650000e-08  1.80000000e+00  1.36650000e-08  8.14965833e-05 
 1.36750000e-08  1.80000000e+00  1.36750000e-08  8.11823955e-05 
 1.36850000e-08  1.80000000e+00  1.36850000e-08  8.09587724e-05 
 1.36950000e-08  1.80000000e+00  1.36950000e-08  8.06482009e-05 
 1.37050000e-08  1.80000000e+00  1.37050000e-08  8.04277558e-05 
 1.37150000e-08  1.80000000e+00  1.37150000e-08  8.01207359e-05 
 1.37250000e-08  1.80000000e+00  1.37250000e-08  7.99034073e-05 
 1.37350000e-08  1.80000000e+00  1.37350000e-08  7.95998758e-05 
 1.37450000e-08  1.80000000e+00  1.37450000e-08  7.93856036e-05 
 1.37550000e-08  1.80000000e+00  1.37550000e-08  7.90854989e-05 
 1.37650000e-08  1.80000000e+00  1.37650000e-08  7.88742246e-05 
 1.37750000e-08  1.80000000e+00  1.37750000e-08  7.85774863e-05 
 1.37850000e-08  1.80000000e+00  1.37850000e-08  7.83691529e-05 
 1.37950000e-08  1.80000000e+00  1.37950000e-08  7.80757224e-05 
 1.38050000e-08  1.80000000e+00  1.38050000e-08  7.78702741e-05 
 1.38150000e-08  1.80000000e+00  1.38150000e-08  7.75800938e-05 
 1.38250000e-08  1.80000000e+00  1.38250000e-08  7.73774763e-05 
 1.38350000e-08  1.80000000e+00  1.38350000e-08  7.70904903e-05 
 1.38450000e-08  1.80000000e+00  1.38450000e-08  7.68906506e-05 
 1.38550000e-08  1.80000000e+00  1.38550000e-08  7.66068039e-05 
 1.38650000e-08  1.80000000e+00  1.38650000e-08  7.64096903e-05 
 1.38750000e-08  1.80000000e+00  1.38750000e-08  7.61289296e-05 
 1.38850000e-08  1.80000000e+00  1.38850000e-08  7.59344916e-05 
 1.38950000e-08  1.80000000e+00  1.38950000e-08  7.56567645e-05 
 1.39050000e-08  1.80000000e+00  1.39050000e-08  7.54649527e-05 
 1.39150000e-08  1.80000000e+00  1.39150000e-08  7.51902082e-05 
 1.39250000e-08  1.80000000e+00  1.39250000e-08  7.50009745e-05 
 1.39350000e-08  1.80000000e+00  1.39350000e-08  7.47291626e-05 
 1.39450000e-08  1.80000000e+00  1.39450000e-08  7.45424601e-05 
 1.39550000e-08  1.80000000e+00  1.39550000e-08  7.42735320e-05 
 1.39650000e-08  1.80000000e+00  1.39650000e-08  7.40893148e-05 
 1.39750000e-08  1.80000000e+00  1.39750000e-08  7.38232227e-05 
 1.39850000e-08  1.80000000e+00  1.39850000e-08  7.36414460e-05 
 1.39950000e-08  1.80000000e+00  1.39950000e-08  7.33781433e-05 
 1.40050000e-08  1.80000000e+00  1.40050000e-08  7.31987632e-05 
 1.40150000e-08  1.80000000e+00  1.40150000e-08  7.29382044e-05 
 1.40250000e-08  1.80000000e+00  1.40250000e-08  7.27611781e-05 
 1.40350000e-08  1.80000000e+00  1.40350000e-08  7.25033185e-05 
 1.40450000e-08  1.80000000e+00  1.40450000e-08  7.23286044e-05 
 1.40550000e-08  1.80000000e+00  1.40550000e-08  7.20734003e-05 
 1.40650000e-08  1.80000000e+00  1.40650000e-08  7.19009574e-05 
 1.40750000e-08  1.80000000e+00  1.40750000e-08  7.16483662e-05 
 1.40850000e-08  1.80000000e+00  1.40850000e-08  7.14781546e-05 
 1.40950000e-08  1.80000000e+00  1.40950000e-08  7.12281345e-05 
 1.41050000e-08  1.80000000e+00  1.41050000e-08  7.10601152e-05 
 1.41150000e-08  1.80000000e+00  1.41150000e-08  7.08126254e-05 
 1.41250000e-08  1.80000000e+00  1.41250000e-08  7.06467603e-05 
 1.41350000e-08  1.80000000e+00  1.41350000e-08  7.04017607e-05 
 1.41450000e-08  1.80000000e+00  1.41450000e-08  7.02380125e-05 
 1.41550000e-08  1.80000000e+00  1.41550000e-08  6.99954640e-05 
 1.41650000e-08  1.80000000e+00  1.41650000e-08  6.98337962e-05 
 1.41750000e-08  1.80000000e+00  1.41750000e-08  6.95936606e-05 
 1.41850000e-08  1.80000000e+00  1.41850000e-08  6.94340376e-05 
 1.41950000e-08  1.80000000e+00  1.41950000e-08  6.91962772e-05 
 1.42050000e-08  1.80000000e+00  1.42050000e-08  6.90386641e-05 
 1.42150000e-08  1.80000000e+00  1.42150000e-08  6.88032424e-05 
 1.42250000e-08  1.80000000e+00  1.42250000e-08  6.86476051e-05 
 1.42350000e-08  1.80000000e+00  1.42350000e-08  6.84144860e-05 
 1.42450000e-08  1.80000000e+00  1.42450000e-08  6.82607912e-05 
 1.42550000e-08  1.80000000e+00  1.42550000e-08  6.80299394e-05 
 1.42650000e-08  1.80000000e+00  1.42650000e-08  6.78781544e-05 
 1.42750000e-08  1.80000000e+00  1.42750000e-08  6.76495356e-05 
 1.42850000e-08  1.80000000e+00  1.42850000e-08  6.74996286e-05 
 1.42950000e-08  1.80000000e+00  1.42950000e-08  6.72732089e-05 
 1.43050000e-08  1.80000000e+00  1.43050000e-08  6.71251485e-05 
 1.43150000e-08  1.80000000e+00  1.43150000e-08  6.69008949e-05 
 1.43250000e-08  1.80000000e+00  1.43250000e-08  6.67546505e-05 
 1.43350000e-08  1.80000000e+00  1.43350000e-08  6.65325306e-05 
 1.43450000e-08  1.80000000e+00  1.43450000e-08  6.63880723e-05 
 1.43550000e-08  1.80000000e+00  1.43550000e-08  6.61680543e-05 
 1.43650000e-08  1.80000000e+00  1.43650000e-08  6.60253529e-05 
 1.43750000e-08  1.80000000e+00  1.43750000e-08  6.58074056e-05 
 1.43850000e-08  1.80000000e+00  1.43850000e-08  6.56664323e-05 
 1.43950000e-08  1.80000000e+00  1.43950000e-08  6.54505253e-05 
 1.44050000e-08  1.80000000e+00  1.44050000e-08  6.53112521e-05 
 1.44150000e-08  1.80000000e+00  1.44150000e-08  6.50973555e-05 
 1.44250000e-08  1.80000000e+00  1.44250000e-08  6.49597549e-05 
 1.44350000e-08  1.80000000e+00  1.44350000e-08  6.47478393e-05 
 1.44450000e-08  1.80000000e+00  1.44450000e-08  6.46118843e-05 
 1.44550000e-08  1.80000000e+00  1.44550000e-08  6.44019210e-05 
 1.44650000e-08  1.80000000e+00  1.44650000e-08  6.42675853e-05 
 1.44750000e-08  1.80000000e+00  1.44750000e-08  6.40595462e-05 
 1.44850000e-08  1.80000000e+00  1.44850000e-08  6.39268040e-05 
 1.44950000e-08  1.80000000e+00  1.44950000e-08  6.37206614e-05 
 1.45050000e-08  1.80000000e+00  1.45050000e-08  6.35894873e-05 
 1.45150000e-08  1.80000000e+00  1.45150000e-08  6.33852142e-05 
 1.45250000e-08  1.80000000e+00  1.45250000e-08  6.32555834e-05 
 1.45350000e-08  1.80000000e+00  1.45350000e-08  6.30531532e-05 
 1.45450000e-08  1.80000000e+00  1.45450000e-08  6.29250415e-05 
 1.45550000e-08  1.80000000e+00  1.45550000e-08  6.27244281e-05 
 1.45650000e-08  1.80000000e+00  1.45650000e-08  6.25978117e-05 
 1.45750000e-08  1.80000000e+00  1.45750000e-08  6.23989895e-05 
 1.45850000e-08  1.80000000e+00  1.45850000e-08  6.22738451e-05 
 1.45950000e-08  1.80000000e+00  1.45950000e-08  6.20767892e-05 
 1.46050000e-08  1.80000000e+00  1.46050000e-08  6.19530938e-05 
 1.46150000e-08  1.80000000e+00  1.46150000e-08  6.17577795e-05 
 1.46250000e-08  1.80000000e+00  1.46250000e-08  6.16355109e-05 
 1.46350000e-08  1.80000000e+00  1.46350000e-08  6.14419141e-05 
 1.46450000e-08  1.80000000e+00  1.46450000e-08  6.13210502e-05 
 1.46550000e-08  1.80000000e+00  1.46550000e-08  6.11291471e-05 
 1.46650000e-08  1.80000000e+00  1.46650000e-08  6.10096665e-05 
 1.46750000e-08  1.80000000e+00  1.46750000e-08  6.08194340e-05 
 1.46850000e-08  1.80000000e+00  1.46850000e-08  6.07013155e-05 
 1.46950000e-08  1.80000000e+00  1.46950000e-08  6.05127307e-05 
 1.47050000e-08  1.80000000e+00  1.47050000e-08  6.03959536e-05 
 1.47150000e-08  1.80000000e+00  1.47150000e-08  6.02089942e-05 
 1.47250000e-08  1.80000000e+00  1.47250000e-08  6.00935383e-05 
 1.47350000e-08  1.80000000e+00  1.47350000e-08  5.99081822e-05 
 1.47450000e-08  1.80000000e+00  1.47450000e-08  5.97940275e-05 
 1.47550000e-08  1.80000000e+00  1.47550000e-08  5.96102532e-05 
 1.47650000e-08  1.80000000e+00  1.47650000e-08  5.94973803e-05 
 1.47750000e-08  1.80000000e+00  1.47750000e-08  5.93151666e-05 
 1.47850000e-08  1.80000000e+00  1.47850000e-08  5.92035563e-05 
 1.47950000e-08  1.80000000e+00  1.47950000e-08  5.90228824e-05 
 1.48050000e-08  1.80000000e+00  1.48050000e-08  5.89125160e-05 
 1.48150000e-08  1.80000000e+00  1.48150000e-08  5.87333614e-05 
 1.48250000e-08  1.80000000e+00  1.48250000e-08  5.86242204e-05 
 1.48350000e-08  1.80000000e+00  1.48350000e-08  5.84465651e-05 
 1.48450000e-08  1.80000000e+00  1.48450000e-08  5.83386315e-05 
 1.48550000e-08  1.80000000e+00  1.48550000e-08  5.81624558e-05 
 1.48650000e-08  1.80000000e+00  1.48650000e-08  5.80557118e-05 
 1.48750000e-08  1.80000000e+00  1.48750000e-08  5.78809964e-05 
 1.48850000e-08  1.80000000e+00  1.48850000e-08  5.77754247e-05 
 1.48950000e-08  1.80000000e+00  1.48950000e-08  5.76021504e-05 
 1.49050000e-08  1.80000000e+00  1.49050000e-08  5.74977339e-05 
 1.49150000e-08  1.80000000e+00  1.49150000e-08  5.73258822e-05 
 1.49250000e-08  1.80000000e+00  1.49250000e-08  5.72226041e-05 
 1.49350000e-08  1.80000000e+00  1.49350000e-08  5.70521566e-05 
 1.49450000e-08  1.80000000e+00  1.49450000e-08  5.69500004e-05 
 1.49550000e-08  1.80000000e+00  1.49550000e-08  5.67809391e-05 
 1.49650000e-08  1.80000000e+00  1.49650000e-08  5.66798888e-05 
 1.49750000e-08  1.80000000e+00  1.49750000e-08  5.65121960e-05 
 1.49850000e-08  1.80000000e+00  1.49850000e-08  5.64122357e-05 
 1.49950000e-08  1.80000000e+00  1.49950000e-08  5.62458939e-05 
 1.50000000e-08  1.80000000e+00  1.50000000e-08  5.62130396e-05 
