 0.00000000e+00  0.00000000e+00  0.00000000e+00  1.79999999e+00 
 1.00000000e-13  3.60000000e-04  1.00000000e-13  1.80001789e+00 
 2.00000000e-13  7.20000000e-04  2.00000000e-13  1.80003292e+00 
 4.00000000e-13  1.44000000e-03  4.00000000e-13  1.80006322e+00 
 8.00000000e-13  2.88000000e-03  8.00000000e-13  1.80013307e+00 
 1.60000000e-12  5.76000000e-03  1.60000000e-12  1.80030763e+00 
 3.20000000e-12  1.15200000e-02  3.20000000e-12  1.80074422e+00 
 6.40000000e-12  2.30400000e-02  6.40000000e-12  1.80175107e+00 
 1.28000000e-11  4.60800000e-02  1.28000000e-11  1.80365250e+00 
 2.28000000e-11  8.20800000e-02  2.28000000e-11  1.80583706e+00 
 3.28000000e-11  1.18080000e-01  3.28000000e-11  1.80725643e+00 
 4.28000000e-11  1.54080000e-01  4.28000000e-11  1.80825642e+00 
 5.28000000e-11  1.90080000e-01  5.28000000e-11  1.80897227e+00 
 6.28000000e-11  2.26080000e-01  6.28000000e-11  1.80953004e+00 
 7.28000000e-11  2.62080000e-01  7.28000000e-11  1.81000636e+00 
 8.28000000e-11  2.98080000e-01  8.28000000e-11  1.81044865e+00 
 9.28000000e-11  3.34080000e-01  9.28000000e-11  1.81088695e+00 
 1.02800000e-10  3.70080000e-01  1.02800000e-10  1.81134179e+00 
 1.12800000e-10  4.06080000e-01  1.12800000e-10  1.81182677e+00 
 1.22800000e-10  4.42080000e-01  1.22800000e-10  1.81235057e+00 
 1.32800000e-10  4.78080000e-01  1.32800000e-10  1.81291390e+00 
 1.42800000e-10  5.14080000e-01  1.42800000e-10  1.81350384e+00 
 1.52800000e-10  5.50080000e-01  1.52800000e-10  1.81407805e+00 
 1.62800000e-10  5.86080000e-01  1.62800000e-10  1.81453934e+00 
 1.72800000e-10  6.22080000e-01  1.72800000e-10  1.81470874e+00 
 1.82800000e-10  6.58080000e-01  1.82800000e-10  1.81432607e+00 
 1.92800000e-10  6.94080000e-01  1.92800000e-10  1.81289800e+00 
 2.02800000e-10  7.30080000e-01  2.02800000e-10  1.80986205e+00 
 2.12800000e-10  7.66080000e-01  2.12800000e-10  1.80460342e+00 
 2.22800000e-10  8.02080000e-01  2.22800000e-10  1.79652362e+00 
 2.32800000e-10  8.38080000e-01  2.32800000e-10  1.78504579e+00 
 2.42800000e-10  8.74080000e-01  2.42800000e-10  1.76988395e+00 
 2.52800000e-10  9.10080000e-01  2.52800000e-10  1.75046932e+00 
 2.62800000e-10  9.46080000e-01  2.62800000e-10  1.72581682e+00 
 2.72800000e-10  9.82080000e-01  2.72800000e-10  1.69485920e+00 
 2.82800000e-10  1.01808000e+00  2.82800000e-10  1.65597174e+00 
 2.92800000e-10  1.05408000e+00  2.92800000e-10  1.60764269e+00 
 3.02800000e-10  1.09008000e+00  3.02800000e-10  1.54949349e+00 
 3.12800000e-10  1.12608000e+00  3.12800000e-10  1.48177173e+00 
 3.22800000e-10  1.16208000e+00  3.22800000e-10  1.40434166e+00 
 3.32800000e-10  1.19808000e+00  3.32800000e-10  1.31651839e+00 
 3.42800000e-10  1.23408000e+00  3.42800000e-10  1.21681381e+00 
 3.52800000e-10  1.27008000e+00  3.52800000e-10  1.10170206e+00 
 3.62800000e-10  1.30608000e+00  3.62800000e-10  9.60812338e-01 
 3.72800000e-10  1.34208000e+00  3.72800000e-10  7.71852404e-01 
 3.82800000e-10  1.37808000e+00  3.82800000e-10  5.37754722e-01 
 3.92800000e-10  1.41408000e+00  3.92800000e-10  3.13297613e-01 
 4.02800000e-10  1.45008000e+00  4.02800000e-10  1.66074763e-01 
 4.12800000e-10  1.48608000e+00  4.12800000e-10  8.97991110e-02 
 4.22800000e-10  1.52208000e+00  4.22800000e-10  5.26149276e-02 
 4.32800000e-10  1.55808000e+00  4.32800000e-10  3.51664046e-02 
 4.42800000e-10  1.59408000e+00  4.42800000e-10  2.61216937e-02 
 4.52800000e-10  1.63008000e+00  4.52800000e-10  2.11479221e-02 
 4.62800000e-10  1.66608000e+00  4.62800000e-10  1.80005848e-02 
 4.72800000e-10  1.70208000e+00  4.72800000e-10  1.58950117e-02 
 4.82800000e-10  1.73808000e+00  4.82800000e-10  1.43682574e-02 
 4.92800000e-10  1.77408000e+00  4.92800000e-10  1.32113029e-02 
 5.00000000e-10  1.80000000e+00  5.00000000e-10  1.25509626e-02 
 5.01000000e-10  1.80000000e+00  5.01000000e-10  1.19409110e-02 
 5.03000000e-10  1.80000000e+00  5.03000000e-10  1.08010926e-02 
 5.07000000e-10  1.80000000e+00  5.07000000e-10  8.96774728e-03 
 5.15000000e-10  1.80000000e+00  5.15000000e-10  6.73235490e-03 
 5.25000000e-10  1.80000000e+00  5.25000000e-10  5.36122739e-03 
 5.35000000e-10  1.80000000e+00  5.35000000e-10  4.62623844e-03 
 5.45000000e-10  1.80000000e+00  5.45000000e-10  4.13488818e-03 
 5.55000000e-10  1.80000000e+00  5.55000000e-10  3.75644419e-03 
 5.65000000e-10  1.80000000e+00  5.65000000e-10  3.44627596e-03 
 5.75000000e-10  1.80000000e+00  5.75000000e-10  3.18281023e-03 
 5.85000000e-10  1.80000000e+00  5.85000000e-10  2.95603572e-03 
 5.95000000e-10  1.80000000e+00  5.95000000e-10  2.75781506e-03 
 6.05000000e-10  1.80000000e+00  6.05000000e-10  2.58375502e-03 
 6.15000000e-10  1.80000000e+00  6.15000000e-10  2.42911132e-03 
 6.25000000e-10  1.80000000e+00  6.25000000e-10  2.29148100e-03 
 6.35000000e-10  1.80000000e+00  6.35000000e-10  2.16765801e-03 
 6.45000000e-10  1.80000000e+00  6.45000000e-10  2.05630087e-03 
 6.55000000e-10  1.80000000e+00  6.55000000e-10  1.95506627e-03 
 6.65000000e-10  1.80000000e+00  6.65000000e-10  1.86325356e-03 
 6.75000000e-10  1.80000000e+00  6.75000000e-10  1.77904280e-03 
 6.85000000e-10  1.80000000e+00  6.85000000e-10  1.70214096e-03 
 6.95000000e-10  1.80000000e+00  6.95000000e-10  1.63106121e-03 
 7.05000000e-10  1.80000000e+00  7.05000000e-10  1.56577930e-03 
 7.15000000e-10  1.80000000e+00  7.15000000e-10  1.50502873e-03 
 7.25000000e-10  1.80000000e+00  7.25000000e-10  1.44896775e-03 
 7.35000000e-10  1.80000000e+00  7.35000000e-10  1.39648046e-03 
 7.45000000e-10  1.80000000e+00  7.45000000e-10  1.34785222e-03 
 7.55000000e-10  1.80000000e+00  7.55000000e-10  1.30207302e-03 
 7.65000000e-10  1.80000000e+00  7.65000000e-10  1.25951862e-03 
 7.75000000e-10  1.80000000e+00  7.75000000e-10  1.21925543e-03 
 7.85000000e-10  1.80000000e+00  7.85000000e-10  1.18172463e-03 
 7.95000000e-10  1.80000000e+00  7.95000000e-10  1.14604906e-03 
 8.05000000e-10  1.80000000e+00  8.05000000e-10  1.11271800e-03 
 8.15000000e-10  1.80000000e+00  8.15000000e-10  1.08089683e-03 
 8.25000000e-10  1.80000000e+00  8.25000000e-10  1.05111056e-03 
 8.35000000e-10  1.80000000e+00  8.35000000e-10  1.02255735e-03 
 8.45000000e-10  1.80000000e+00  8.45000000e-10  9.95789007e-04 
 8.55000000e-10  1.80000000e+00  8.55000000e-10  9.70029431e-04 
 8.65000000e-10  1.80000000e+00  8.65000000e-10  9.45850588e-04 
 8.75000000e-10  1.80000000e+00  8.75000000e-10  9.22497024e-04 
 8.85000000e-10  1.80000000e+00  8.85000000e-10  9.00555910e-04 
 8.95000000e-10  1.80000000e+00  8.95000000e-10  8.79288652e-04 
 9.05000000e-10  1.80000000e+00  9.05000000e-10  8.59293854e-04 
 9.15000000e-10  1.80000000e+00  9.15000000e-10  8.39846963e-04 
 9.25000000e-10  1.80000000e+00  9.25000000e-10  8.21555101e-04 
 9.35000000e-10  1.80000000e+00  9.35000000e-10  8.03705636e-04 
 9.45000000e-10  1.80000000e+00  9.45000000e-10  7.86911926e-04 
 9.55000000e-10  1.80000000e+00  9.55000000e-10  7.70471645e-04 
 9.65000000e-10  1.80000000e+00  9.65000000e-10  7.55002589e-04 
 9.75000000e-10  1.80000000e+00  9.75000000e-10  7.39811499e-04 
 9.85000000e-10  1.80000000e+00  9.85000000e-10  7.25519166e-04 
 9.95000000e-10  1.80000000e+00  9.95000000e-10  7.11440444e-04 
 1.00500000e-09  1.80000000e+00  1.00500000e-09  6.98197958e-04 
 1.01500000e-09  1.80000000e+00  1.01500000e-09  6.85113931e-04 
 1.02500000e-09  1.80000000e+00  1.02500000e-09  6.72811874e-04 
 1.03500000e-09  1.80000000e+00  1.03500000e-09  6.60620801e-04 
 1.04500000e-09  1.80000000e+00  1.04500000e-09  6.49164329e-04 
 1.05500000e-09  1.80000000e+00  1.05500000e-09  6.37777808e-04 
 1.06500000e-09  1.80000000e+00  1.06500000e-09  6.27084315e-04 
 1.07500000e-09  1.80000000e+00  1.07500000e-09  6.16425175e-04 
 1.08500000e-09  1.80000000e+00  1.08500000e-09  6.06422391e-04 
 1.09500000e-09  1.80000000e+00  1.09500000e-09  5.96422979e-04 
 1.10500000e-09  1.80000000e+00  1.10500000e-09  5.87047411e-04 
 1.11500000e-09  1.80000000e+00  1.11500000e-09  5.77648170e-04 
 1.12500000e-09  1.80000000e+00  1.12500000e-09  5.68843816e-04 
 1.13500000e-09  1.80000000e+00  1.13500000e-09  5.59992118e-04 
 1.14500000e-09  1.80000000e+00  1.14500000e-09  5.51709400e-04 
 1.15500000e-09  1.80000000e+00  1.15500000e-09  5.43358570e-04 
 1.16500000e-09  1.80000000e+00  1.16500000e-09  5.35553443e-04 
 1.17500000e-09  1.80000000e+00  1.17500000e-09  5.27661945e-04 
 1.18500000e-09  1.80000000e+00  1.18500000e-09  5.20295148e-04 
 1.19500000e-09  1.80000000e+00  1.19500000e-09  5.12825900e-04 
 1.20500000e-09  1.80000000e+00  1.20500000e-09  5.05862327e-04 
 1.21500000e-09  1.80000000e+00  1.21500000e-09  4.98782123e-04 
 1.22500000e-09  1.80000000e+00  1.22500000e-09  4.92190291e-04 
 1.23500000e-09  1.80000000e+00  1.23500000e-09  4.85469307e-04 
 1.24500000e-09  1.80000000e+00  1.24500000e-09  4.79220902e-04 
 1.25500000e-09  1.80000000e+00  1.25500000e-09  4.72832279e-04 
 1.26500000e-09  1.80000000e+00  1.26500000e-09  4.66901770e-04 
 1.27500000e-09  1.80000000e+00  1.27500000e-09  4.60821257e-04 
 1.28500000e-09  1.80000000e+00  1.28500000e-09  4.55185561e-04 
 1.29500000e-09  1.80000000e+00  1.29500000e-09  4.49391205e-04 
 1.30500000e-09  1.80000000e+00  1.30500000e-09  4.44029404e-04 
 1.31500000e-09  1.80000000e+00  1.31500000e-09  4.38501286e-04 
 1.32500000e-09  1.80000000e+00  1.32500000e-09  4.33394381e-04 
 1.33500000e-09  1.80000000e+00  1.33500000e-09  4.28114387e-04 
 1.34500000e-09  1.80000000e+00  1.34500000e-09  4.23245079e-04 
 1.35500000e-09  1.80000000e+00  1.35500000e-09  4.18196701e-04 
 1.36500000e-09  1.80000000e+00  1.36500000e-09  4.13549211e-04 
 1.37500000e-09  1.80000000e+00  1.37500000e-09  4.08717372e-04 
 1.38500000e-09  1.80000000e+00  1.38500000e-09  4.04277275e-04 
 1.39500000e-09  1.80000000e+00  1.39500000e-09  3.99648179e-04 
 1.40500000e-09  1.80000000e+00  1.40500000e-09  3.95402265e-04 
 1.41500000e-09  1.80000000e+00  1.41500000e-09  3.90963262e-04 
 1.42500000e-09  1.80000000e+00  1.42500000e-09  3.86899409e-04 
 1.43500000e-09  1.80000000e+00  1.43500000e-09  3.82638883e-04 
 1.44500000e-09  1.80000000e+00  1.44500000e-09  3.78745949e-04 
 1.45500000e-09  1.80000000e+00  1.45500000e-09  3.74653208e-04 
 1.46500000e-09  1.80000000e+00  1.46500000e-09  3.70920934e-04 
 1.47500000e-09  1.80000000e+00  1.47500000e-09  3.66986128e-04 
 1.48500000e-09  1.80000000e+00  1.48500000e-09  3.63405052e-04 
 1.49500000e-09  1.80000000e+00  1.49500000e-09  3.59619086e-04 
 1.50500000e-09  1.80000000e+00  1.50500000e-09  3.56180468e-04 
 1.51500000e-09  1.80000000e+00  1.51500000e-09  3.52534934e-04 
 1.52500000e-09  1.80000000e+00  1.52500000e-09  3.49230688e-04 
 1.53500000e-09  1.80000000e+00  1.53500000e-09  3.45717800e-04 
 1.54500000e-09  1.80000000e+00  1.54500000e-09  3.42540437e-04 
 1.55500000e-09  1.80000000e+00  1.55500000e-09  3.39152975e-04 
 1.56500000e-09  1.80000000e+00  1.56500000e-09  3.36095544e-04 
 1.57500000e-09  1.80000000e+00  1.57500000e-09  3.32826806e-04 
 1.58500000e-09  1.80000000e+00  1.58500000e-09  3.29882852e-04 
 1.59500000e-09  1.80000000e+00  1.59500000e-09  3.26726603e-04 
 1.60500000e-09  1.80000000e+00  1.60500000e-09  3.23890120e-04 
 1.61500000e-09  1.80000000e+00  1.61500000e-09  3.20840557e-04 
 1.62500000e-09  1.80000000e+00  1.62500000e-09  3.18105951e-04 
 1.63500000e-09  1.80000000e+00  1.63500000e-09  3.15157666e-04 
 1.64500000e-09  1.80000000e+00  1.64500000e-09  3.12519722e-04 
 1.65500000e-09  1.80000000e+00  1.65500000e-09  3.09667664e-04 
 1.66500000e-09  1.80000000e+00  1.66500000e-09  3.07121513e-04 
 1.67500000e-09  1.80000000e+00  1.67500000e-09  3.04360966e-04 
 1.68500000e-09  1.80000000e+00  1.68500000e-09  3.01902055e-04 
 1.69500000e-09  1.80000000e+00  1.69500000e-09  2.99228605e-04 
 1.70500000e-09  1.80000000e+00  1.70500000e-09  2.96852676e-04 
 1.71500000e-09  1.80000000e+00  1.71500000e-09  2.94262192e-04 
 1.72500000e-09  1.80000000e+00  1.72500000e-09  2.91965256e-04 
 1.73500000e-09  1.80000000e+00  1.73500000e-09  2.89453862e-04 
 1.74500000e-09  1.80000000e+00  1.74500000e-09  2.87232179e-04 
 1.75500000e-09  1.80000000e+00  1.75500000e-09  2.84796240e-04 
 1.76500000e-09  1.80000000e+00  1.76500000e-09  2.82646299e-04 
 1.77500000e-09  1.80000000e+00  1.77500000e-09  2.80282401e-04 
 1.78500000e-09  1.80000000e+00  1.78500000e-09  2.78200904e-04 
 1.79500000e-09  1.80000000e+00  1.79500000e-09  2.75905834e-04 
 1.80500000e-09  1.80000000e+00  1.80500000e-09  2.73889680e-04 
 1.81500000e-09  1.80000000e+00  1.81500000e-09  2.71660418e-04 
 1.82500000e-09  1.80000000e+00  1.82500000e-09  2.69706687e-04 
 1.83500000e-09  1.80000000e+00  1.83500000e-09  2.67540385e-04 
 1.84500000e-09  1.80000000e+00  1.84500000e-09  2.65646328e-04 
 1.85500000e-09  1.80000000e+00  1.85500000e-09  2.63540303e-04 
 1.86500000e-09  1.80000000e+00  1.86500000e-09  2.61703327e-04 
 1.87500000e-09  1.80000000e+00  1.87500000e-09  2.59655045e-04 
 1.88500000e-09  1.80000000e+00  1.88500000e-09  2.57872704e-04 
 1.89500000e-09  1.80000000e+00  1.89500000e-09  2.55879774e-04 
 1.90500000e-09  1.80000000e+00  1.90500000e-09  2.54149757e-04 
 1.91500000e-09  1.80000000e+00  1.91500000e-09  2.52209917e-04 
 1.92500000e-09  1.80000000e+00  1.92500000e-09  2.50530040e-04 
 1.93500000e-09  1.80000000e+00  1.93500000e-09  2.48641153e-04 
 1.94500000e-09  1.80000000e+00  1.94500000e-09  2.47009352e-04 
 1.95500000e-09  1.80000000e+00  1.95500000e-09  2.45169392e-04 
 1.96500000e-09  1.80000000e+00  1.96500000e-09  2.43583710e-04 
 1.97500000e-09  1.80000000e+00  1.97500000e-09  2.41790760e-04 
 1.98500000e-09  1.80000000e+00  1.98500000e-09  2.40249347e-04 
 1.99500000e-09  1.80000000e+00  1.99500000e-09  2.38501588e-04 
 2.00500000e-09  1.80000000e+00  2.00500000e-09  2.37002687e-04 
 2.01500000e-09  1.80000000e+00  2.01500000e-09  2.35298395e-04 
 2.02500000e-09  1.80000000e+00  2.02500000e-09  2.33840341e-04 
 2.03500000e-09  1.80000000e+00  2.03500000e-09  2.32177878e-04 
 2.04500000e-09  1.80000000e+00  2.04500000e-09  2.30759091e-04 
 2.05500000e-09  1.80000000e+00  2.05500000e-09  2.29136900e-04 
 2.06500000e-09  1.80000000e+00  2.06500000e-09  2.27755880e-04 
 2.07500000e-09  1.80000000e+00  2.07500000e-09  2.26172482e-04 
 2.08500000e-09  1.80000000e+00  2.08500000e-09  2.24827801e-04 
 2.09500000e-09  1.80000000e+00  2.09500000e-09  2.23281790e-04 
 2.10500000e-09  1.80000000e+00  2.10500000e-09  2.21972091e-04 
 2.11500000e-09  1.80000000e+00  2.11500000e-09  2.20462127e-04 
 2.12500000e-09  1.80000000e+00  2.12500000e-09  2.19186120e-04 
 2.13500000e-09  1.80000000e+00  2.13500000e-09  2.17710927e-04 
 2.14500000e-09  1.80000000e+00  2.14500000e-09  2.16467383e-04 
 2.15500000e-09  1.80000000e+00  2.15500000e-09  2.15025746e-04 
 2.16500000e-09  1.80000000e+00  2.16500000e-09  2.13813493e-04 
 2.17500000e-09  1.80000000e+00  2.17500000e-09  2.12404253e-04 
 2.18500000e-09  1.80000000e+00  2.18500000e-09  2.11222175e-04 
 2.19500000e-09  1.80000000e+00  2.19500000e-09  2.09844226e-04 
 2.20500000e-09  1.80000000e+00  2.20500000e-09  2.08691259e-04 
 2.21500000e-09  1.80000000e+00  2.21500000e-09  2.07343544e-04 
 2.22500000e-09  1.80000000e+00  2.22500000e-09  2.06218672e-04 
 2.23500000e-09  1.80000000e+00  2.23500000e-09  2.04900185e-04 
 2.24500000e-09  1.80000000e+00  2.24500000e-09  2.03802437e-04 
 2.25500000e-09  1.80000000e+00  2.25500000e-09  2.02512213e-04 
 2.26500000e-09  1.80000000e+00  2.26500000e-09  2.01440664e-04 
 2.27500000e-09  1.80000000e+00  2.27500000e-09  2.00177781e-04 
 2.28500000e-09  1.80000000e+00  2.28500000e-09  1.99131546e-04 
 2.29500000e-09  1.80000000e+00  2.29500000e-09  1.97895123e-04 
 2.30500000e-09  1.80000000e+00  2.30500000e-09  1.96873355e-04 
 2.31500000e-09  1.80000000e+00  2.31500000e-09  1.95662549e-04 
 2.32500000e-09  1.80000000e+00  2.32500000e-09  1.94664437e-04 
 2.33500000e-09  1.80000000e+00  2.33500000e-09  1.93478440e-04 
 2.34500000e-09  1.80000000e+00  2.34500000e-09  1.92503210e-04 
 2.35500000e-09  1.80000000e+00  2.35500000e-09  1.91341248e-04 
 2.36500000e-09  1.80000000e+00  2.36500000e-09  1.90388158e-04 
 2.37500000e-09  1.80000000e+00  2.37500000e-09  1.89249489e-04 
 2.38500000e-09  1.80000000e+00  2.38500000e-09  1.88317828e-04 
 2.39500000e-09  1.80000000e+00  2.39500000e-09  1.87201741e-04 
 2.40500000e-09  1.80000000e+00  2.40500000e-09  1.86290827e-04 
 2.41500000e-09  1.80000000e+00  2.41500000e-09  1.85196640e-04 
 2.42500000e-09  1.80000000e+00  2.42500000e-09  1.84305821e-04 
 2.43500000e-09  1.80000000e+00  2.43500000e-09  1.83232878e-04 
 2.44500000e-09  1.80000000e+00  2.44500000e-09  1.82361527e-04 
 2.45500000e-09  1.80000000e+00  2.45500000e-09  1.81309201e-04 
 2.46500000e-09  1.80000000e+00  2.46500000e-09  1.80456717e-04 
 2.47500000e-09  1.80000000e+00  2.47500000e-09  1.79424402e-04 
 2.48500000e-09  1.80000000e+00  2.48500000e-09  1.78590208e-04 
 2.49500000e-09  1.80000000e+00  2.49500000e-09  1.77577325e-04 
 2.50500000e-09  1.80000000e+00  2.50500000e-09  1.76760866e-04 
 2.51500000e-09  1.80000000e+00  2.51500000e-09  1.75766858e-04 
 2.52500000e-09  1.80000000e+00  2.52500000e-09  1.74967602e-04 
 2.53500000e-09  1.80000000e+00  2.53500000e-09  1.73991930e-04 
 2.54500000e-09  1.80000000e+00  2.54500000e-09  1.73209366e-04 
 2.55500000e-09  1.80000000e+00  2.55500000e-09  1.72251516e-04 
 2.56500000e-09  1.80000000e+00  2.56500000e-09  1.71485151e-04 
 2.57500000e-09  1.80000000e+00  2.57500000e-09  1.70544624e-04 
 2.58500000e-09  1.80000000e+00  2.58500000e-09  1.69793986e-04 
 2.59500000e-09  1.80000000e+00  2.59500000e-09  1.68870306e-04 
 2.60500000e-09  1.80000000e+00  2.60500000e-09  1.68134938e-04 
 2.61500000e-09  1.80000000e+00  2.61500000e-09  1.67227643e-04 
 2.62500000e-09  1.80000000e+00  2.62500000e-09  1.66507109e-04 
 2.63500000e-09  1.80000000e+00  2.63500000e-09  1.65615755e-04 
 2.64500000e-09  1.80000000e+00  2.64500000e-09  1.64909632e-04 
 2.65500000e-09  1.80000000e+00  2.65500000e-09  1.64033792e-04 
 2.66500000e-09  1.80000000e+00  2.66500000e-09  1.63341674e-04 
 2.67500000e-09  1.80000000e+00  2.67500000e-09  1.62480934e-04 
 2.68500000e-09  1.80000000e+00  2.68500000e-09  1.61802430e-04 
 2.69500000e-09  1.80000000e+00  2.69500000e-09  1.60956393e-04 
 2.70500000e-09  1.80000000e+00  2.70500000e-09  1.60291125e-04 
 2.71500000e-09  1.80000000e+00  2.71500000e-09  1.59459407e-04 
 2.72500000e-09  1.80000000e+00  2.72500000e-09  1.58807012e-04 
 2.73500000e-09  1.80000000e+00  2.73500000e-09  1.57989242e-04 
 2.74500000e-09  1.80000000e+00  2.74500000e-09  1.57349369e-04 
 2.75500000e-09  1.80000000e+00  2.75500000e-09  1.56545191e-04 
 2.76500000e-09  1.80000000e+00  2.76500000e-09  1.55917501e-04 
 2.77500000e-09  1.80000000e+00  2.77500000e-09  1.55126568e-04 
 2.78500000e-09  1.80000000e+00  2.78500000e-09  1.54510736e-04 
 2.79500000e-09  1.80000000e+00  2.79500000e-09  1.53732714e-04 
 2.80500000e-09  1.80000000e+00  2.80500000e-09  1.53128425e-04 
 2.81500000e-09  1.80000000e+00  2.81500000e-09  1.52362992e-04 
 2.82500000e-09  1.80000000e+00  2.82500000e-09  1.51769940e-04 
 2.83500000e-09  1.80000000e+00  2.83500000e-09  1.51016784e-04 
 2.84500000e-09  1.80000000e+00  2.84500000e-09  1.50434677e-04 
 2.85500000e-09  1.80000000e+00  2.85500000e-09  1.49693497e-04 
 2.86500000e-09  1.80000000e+00  2.86500000e-09  1.49122050e-04 
 2.87500000e-09  1.80000000e+00  2.87500000e-09  1.48392554e-04 
 2.88500000e-09  1.80000000e+00  2.88500000e-09  1.47831493e-04 
 2.89500000e-09  1.80000000e+00  2.89500000e-09  1.47113400e-04 
 2.90500000e-09  1.80000000e+00  2.90500000e-09  1.46562459e-04 
 2.91500000e-09  1.80000000e+00  2.91500000e-09  1.45855495e-04 
 2.92500000e-09  1.80000000e+00  2.92500000e-09  1.45314419e-04 
 2.93500000e-09  1.80000000e+00  2.93500000e-09  1.44618320e-04 
 2.94500000e-09  1.80000000e+00  2.94500000e-09  1.44086861e-04 
 2.95500000e-09  1.80000000e+00  2.95500000e-09  1.43401371e-04 
 2.96500000e-09  1.80000000e+00  2.96500000e-09  1.42879288e-04 
 2.97500000e-09  1.80000000e+00  2.97500000e-09  1.42204159e-04 
 2.98500000e-09  1.80000000e+00  2.98500000e-09  1.41691220e-04 
 2.99500000e-09  1.80000000e+00  2.99500000e-09  1.41026213e-04 
 3.00500000e-09  1.80000000e+00  3.00500000e-09  1.40522194e-04 
 3.01500000e-09  1.80000000e+00  3.01500000e-09  1.39867076e-04 
 3.02500000e-09  1.80000000e+00  3.02500000e-09  1.39371759e-04 
 3.03500000e-09  1.80000000e+00  3.03500000e-09  1.38726304e-04 
 3.04500000e-09  1.80000000e+00  3.04500000e-09  1.38239479e-04 
 3.05500000e-09  1.80000000e+00  3.05500000e-09  1.37603468e-04 
 3.06500000e-09  1.80000000e+00  3.06500000e-09  1.37124931e-04 
 3.07500000e-09  1.80000000e+00  3.07500000e-09  1.36498153e-04 
 3.08500000e-09  1.80000000e+00  3.08500000e-09  1.36027705e-04 
 3.09500000e-09  1.80000000e+00  3.09500000e-09  1.35409954e-04 
 3.10500000e-09  1.80000000e+00  3.10500000e-09  1.34947405e-04 
 3.11500000e-09  1.80000000e+00  3.11500000e-09  1.34338482e-04 
 3.12500000e-09  1.80000000e+00  3.12500000e-09  1.33883645e-04 
 3.13500000e-09  1.80000000e+00  3.13500000e-09  1.33283356e-04 
 3.14500000e-09  1.80000000e+00  3.14500000e-09  1.32836051e-04 
 3.15500000e-09  1.80000000e+00  3.15500000e-09  1.32244208e-04 
 3.16500000e-09  1.80000000e+00  3.16500000e-09  1.31804262e-04 
 3.17500000e-09  1.80000000e+00  3.17500000e-09  1.31220682e-04 
 3.18500000e-09  1.80000000e+00  3.18500000e-09  1.30787924e-04 
 3.19500000e-09  1.80000000e+00  3.19500000e-09  1.30212431e-04 
 3.20500000e-09  1.80000000e+00  3.20500000e-09  1.29786698e-04 
 3.21500000e-09  1.80000000e+00  3.21500000e-09  1.29219119e-04 
 3.22500000e-09  1.80000000e+00  3.22500000e-09  1.28800251e-04 
 3.23500000e-09  1.80000000e+00  3.23500000e-09  1.28240419e-04 
 3.24500000e-09  1.80000000e+00  3.24500000e-09  1.27828261e-04 
 3.25500000e-09  1.80000000e+00  3.25500000e-09  1.27276014e-04 
 3.26500000e-09  1.80000000e+00  3.26500000e-09  1.26870417e-04 
 3.27500000e-09  1.80000000e+00  3.27500000e-09  1.26325596e-04 
 3.28500000e-09  1.80000000e+00  3.28500000e-09  1.25926413e-04 
 3.29500000e-09  1.80000000e+00  3.29500000e-09  1.25388866e-04 
 3.30500000e-09  1.80000000e+00  3.30500000e-09  1.24995955e-04 
 3.31500000e-09  1.80000000e+00  3.31500000e-09  1.24465532e-04 
 3.32500000e-09  1.80000000e+00  3.32500000e-09  1.24078756e-04 
 3.33500000e-09  1.80000000e+00  3.33500000e-09  1.23555311e-04 
 3.34500000e-09  1.80000000e+00  3.34500000e-09  1.23174537e-04 
 3.35500000e-09  1.80000000e+00  3.35500000e-09  1.22657930e-04 
 3.36500000e-09  1.80000000e+00  3.36500000e-09  1.22283027e-04 
 3.37500000e-09  1.80000000e+00  3.37500000e-09  1.21773121e-04 
 3.38500000e-09  1.80000000e+00  3.38500000e-09  1.21403963e-04 
 3.39500000e-09  1.80000000e+00  3.39500000e-09  1.20900623e-04 
 3.40500000e-09  1.80000000e+00  3.40500000e-09  1.20537088e-04 
 3.41500000e-09  1.80000000e+00  3.41500000e-09  1.20040184e-04 
 3.42500000e-09  1.80000000e+00  3.42500000e-09  1.19682152e-04 
 3.43500000e-09  1.80000000e+00  3.43500000e-09  1.19191558e-04 
 3.44500000e-09  1.80000000e+00  3.44500000e-09  1.18838913e-04 
 3.45500000e-09  1.80000000e+00  3.45500000e-09  1.18354506e-04 
 3.46500000e-09  1.80000000e+00  3.46500000e-09  1.18007135e-04 
 3.47500000e-09  1.80000000e+00  3.47500000e-09  1.17528794e-04 
 3.48500000e-09  1.80000000e+00  3.48500000e-09  1.17186587e-04 
 3.49500000e-09  1.80000000e+00  3.49500000e-09  1.16714196e-04 
 3.50500000e-09  1.80000000e+00  3.50500000e-09  1.16377047e-04 
 3.51500000e-09  1.80000000e+00  3.51500000e-09  1.15910491e-04 
 3.52500000e-09  1.80000000e+00  3.52500000e-09  1.15578295e-04 
 3.53500000e-09  1.80000000e+00  3.53500000e-09  1.15117463e-04 
 3.54500000e-09  1.80000000e+00  3.54500000e-09  1.14790120e-04 
 3.55500000e-09  1.80000000e+00  3.55500000e-09  1.14334905e-04 
 3.56500000e-09  1.80000000e+00  3.56500000e-09  1.14012315e-04 
 3.57500000e-09  1.80000000e+00  3.57500000e-09  1.13562610e-04 
 3.58500000e-09  1.80000000e+00  3.58500000e-09  1.13244679e-04 
 3.59500000e-09  1.80000000e+00  3.59500000e-09  1.12800382e-04 
 3.60500000e-09  1.80000000e+00  3.60500000e-09  1.12487015e-04 
 3.61500000e-09  1.80000000e+00  3.61500000e-09  1.12048026e-04 
 3.62500000e-09  1.80000000e+00  3.62500000e-09  1.11739132e-04 
 3.63500000e-09  1.80000000e+00  3.63500000e-09  1.11305353e-04 
 3.64500000e-09  1.80000000e+00  3.64500000e-09  1.11000844e-04 
 3.65500000e-09  1.80000000e+00  3.65500000e-09  1.10572179e-04 
 3.66500000e-09  1.80000000e+00  3.66500000e-09  1.10271968e-04 
 3.67500000e-09  1.80000000e+00  3.67500000e-09  1.09848325e-04 
 3.68500000e-09  1.80000000e+00  3.68500000e-09  1.09552328e-04 
 3.69500000e-09  1.80000000e+00  3.69500000e-09  1.09133616e-04 
 3.70500000e-09  1.80000000e+00  3.70500000e-09  1.08841752e-04 
 3.71500000e-09  1.80000000e+00  3.71500000e-09  1.08427882e-04 
 3.72500000e-09  1.80000000e+00  3.72500000e-09  1.08140069e-04 
 3.73500000e-09  1.80000000e+00  3.73500000e-09  1.07730955e-04 
 3.74500000e-09  1.80000000e+00  3.74500000e-09  1.07447117e-04 
 3.75500000e-09  1.80000000e+00  3.75500000e-09  1.07042675e-04 
 3.76500000e-09  1.80000000e+00  3.76500000e-09  1.06762735e-04 
 3.77500000e-09  1.80000000e+00  3.77500000e-09  1.06362882e-04 
 3.78500000e-09  1.80000000e+00  3.78500000e-09  1.06086765e-04 
 3.79500000e-09  1.80000000e+00  3.79500000e-09  1.05691421e-04 
 3.80500000e-09  1.80000000e+00  3.80500000e-09  1.05419056e-04 
 3.81500000e-09  1.80000000e+00  3.81500000e-09  1.05028143e-04 
 3.82500000e-09  1.80000000e+00  3.82500000e-09  1.04759459e-04 
 3.83500000e-09  1.80000000e+00  3.83500000e-09  1.04372899e-04 
 3.84500000e-09  1.80000000e+00  3.84500000e-09  1.04107827e-04 
 3.85500000e-09  1.80000000e+00  3.85500000e-09  1.03725547e-04 
 3.86500000e-09  1.80000000e+00  3.86500000e-09  1.03464020e-04 
 3.87500000e-09  1.80000000e+00  3.87500000e-09  1.03085945e-04 
 3.88500000e-09  1.80000000e+00  3.88500000e-09  1.02827897e-04 
 3.89500000e-09  1.80000000e+00  3.89500000e-09  1.02453957e-04 
 3.90500000e-09  1.80000000e+00  3.90500000e-09  1.02199325e-04 
 3.91500000e-09  1.80000000e+00  3.91500000e-09  1.01829448e-04 
 3.92500000e-09  1.80000000e+00  3.92500000e-09  1.01578169e-04 
 3.93500000e-09  1.80000000e+00  3.93500000e-09  1.01212289e-04 
 3.94500000e-09  1.80000000e+00  3.94500000e-09  1.00964302e-04 
 3.95500000e-09  1.80000000e+00  3.95500000e-09  1.00602352e-04 
 3.96500000e-09  1.80000000e+00  3.96500000e-09  1.00357597e-04 
 3.97500000e-09  1.80000000e+00  3.97500000e-09  9.99995105e-05 
 3.98500000e-09  1.80000000e+00  3.98500000e-09  9.97579301e-05 
 3.99500000e-09  1.80000000e+00  3.99500000e-09  9.94036441e-05 
 4.00500000e-09  1.80000000e+00  4.00500000e-09  9.91651810e-05 
 4.01500000e-09  1.80000000e+00  4.01500000e-09  9.88146332e-05 
 4.02500000e-09  1.80000000e+00  4.02500000e-09  9.85792320e-05 
 4.03500000e-09  1.80000000e+00  4.03500000e-09  9.82323614e-05 
 4.04500000e-09  1.80000000e+00  4.04500000e-09  9.79999678e-05 
 4.05500000e-09  1.80000000e+00  4.05500000e-09  9.76567147e-05 
 4.06500000e-09  1.80000000e+00  4.06500000e-09  9.74272758e-05 
 4.07500000e-09  1.80000000e+00  4.07500000e-09  9.70875818e-05 
 4.08500000e-09  1.80000000e+00  4.08500000e-09  9.68610458e-05 
 4.09500000e-09  1.80000000e+00  4.09500000e-09  9.65248539e-05 
 4.10500000e-09  1.80000000e+00  4.10500000e-09  9.63011702e-05 
 4.11500000e-09  1.80000000e+00  4.11500000e-09  9.59684245e-05 
 4.12500000e-09  1.80000000e+00  4.12500000e-09  9.57475436e-05 
 4.13500000e-09  1.80000000e+00  4.13500000e-09  9.54181895e-05 
 4.14500000e-09  1.80000000e+00  4.14500000e-09  9.52000630e-05 
 4.15500000e-09  1.80000000e+00  4.15500000e-09  9.48740470e-05 
 4.16500000e-09  1.80000000e+00  4.16500000e-09  9.46586276e-05 
 4.17500000e-09  1.80000000e+00  4.17500000e-09  9.43358974e-05 
 4.18500000e-09  1.80000000e+00  4.18500000e-09  9.41231389e-05 
 4.19500000e-09  1.80000000e+00  4.19500000e-09  9.38036432e-05 
 4.20500000e-09  1.80000000e+00  4.20500000e-09  9.35935004e-05 
 4.21500000e-09  1.80000000e+00  4.21500000e-09  9.32771890e-05 
 4.22500000e-09  1.80000000e+00  4.22500000e-09  9.30696177e-05 
 4.23500000e-09  1.80000000e+00  4.23500000e-09  9.27564415e-05 
 4.24500000e-09  1.80000000e+00  4.24500000e-09  9.25513983e-05 
 4.25500000e-09  1.80000000e+00  4.25500000e-09  9.22413092e-05 
 4.26500000e-09  1.80000000e+00  4.26500000e-09  9.20387519e-05 
 4.27500000e-09  1.80000000e+00  4.27500000e-09  9.17317028e-05 
 4.28500000e-09  1.80000000e+00  4.28500000e-09  9.15315900e-05 
 4.29500000e-09  1.80000000e+00  4.29500000e-09  9.12275347e-05 
 4.30500000e-09  1.80000000e+00  4.30500000e-09  9.10298257e-05 
 4.31500000e-09  1.80000000e+00  4.31500000e-09  9.07287191e-05 
 4.32500000e-09  1.80000000e+00  4.32500000e-09  9.05333744e-05 
 4.33500000e-09  1.80000000e+00  4.33500000e-09  9.02351721e-05 
 4.34500000e-09  1.80000000e+00  4.34500000e-09  9.00421529e-05 
 4.35500000e-09  1.80000000e+00  4.35500000e-09  8.97468116e-05 
 4.36500000e-09  1.80000000e+00  4.36500000e-09  8.95560798e-05 
 4.37500000e-09  1.80000000e+00  4.37500000e-09  8.92635569e-05 
 4.38500000e-09  1.80000000e+00  4.38500000e-09  8.90750754e-05 
 4.39500000e-09  1.80000000e+00  4.39500000e-09  8.87853293e-05 
 4.40500000e-09  1.80000000e+00  4.40500000e-09  8.85990616e-05 
 4.41500000e-09  1.80000000e+00  4.41500000e-09  8.83120515e-05 
 4.42500000e-09  1.80000000e+00  4.42500000e-09  8.81279620e-05 
 4.43500000e-09  1.80000000e+00  4.43500000e-09  8.78436477e-05 
 4.44500000e-09  1.80000000e+00  4.44500000e-09  8.76617016e-05 
 4.45500000e-09  1.80000000e+00  4.45500000e-09  8.73800440e-05 
 4.46500000e-09  1.80000000e+00  4.46500000e-09  8.72002069e-05 
 4.47500000e-09  1.80000000e+00  4.47500000e-09  8.69211675e-05 
 4.48500000e-09  1.80000000e+00  4.48500000e-09  8.67434060e-05 
 4.49500000e-09  1.80000000e+00  4.49500000e-09  8.64669471e-05 
 4.50500000e-09  1.80000000e+00  4.50500000e-09  8.62912283e-05 
 4.51500000e-09  1.80000000e+00  4.51500000e-09  8.60173130e-05 
 4.52500000e-09  1.80000000e+00  4.52500000e-09  8.58436048e-05 
 4.53500000e-09  1.80000000e+00  4.53500000e-09  8.55721968e-05 
 4.54500000e-09  1.80000000e+00  4.54500000e-09  8.54004677e-05 
 4.55500000e-09  1.80000000e+00  4.55500000e-09  8.51315313e-05 
 4.56500000e-09  1.80000000e+00  4.56500000e-09  8.49617505e-05 
 4.57500000e-09  1.80000000e+00  4.57500000e-09  8.46952509e-05 
 4.58500000e-09  1.80000000e+00  4.58500000e-09  8.45273881e-05 
 4.59500000e-09  1.80000000e+00  4.59500000e-09  8.42632911e-05 
 4.60500000e-09  1.80000000e+00  4.60500000e-09  8.40973167e-05 
 4.61500000e-09  1.80000000e+00  4.61500000e-09  8.38355887e-05 
 4.62500000e-09  1.80000000e+00  4.62500000e-09  8.36714736e-05 
 4.63500000e-09  1.80000000e+00  4.63500000e-09  8.34120816e-05 
 4.64500000e-09  1.80000000e+00  4.64500000e-09  8.32497974e-05 
 4.65500000e-09  1.80000000e+00  4.65500000e-09  8.29927092e-05 
 4.66500000e-09  1.80000000e+00  4.66500000e-09  8.28322278e-05 
 4.67500000e-09  1.80000000e+00  4.67500000e-09  8.25774116e-05 
 4.68500000e-09  1.80000000e+00  4.68500000e-09  8.24187058e-05 
 4.69500000e-09  1.80000000e+00  4.69500000e-09  8.21661305e-05 
 4.70500000e-09  1.80000000e+00  4.70500000e-09  8.20091735e-05 
 4.71500000e-09  1.80000000e+00  4.71500000e-09  8.17588085e-05 
 4.72500000e-09  1.80000000e+00  4.72500000e-09  8.16035738e-05 
 4.73500000e-09  1.80000000e+00  4.73500000e-09  8.13553891e-05 
 4.74500000e-09  1.80000000e+00  4.74500000e-09  8.12018511e-05 
 4.75500000e-09  1.80000000e+00  4.75500000e-09  8.09558173e-05 
 4.76500000e-09  1.80000000e+00  4.76500000e-09  8.08039505e-05 
 4.77500000e-09  1.80000000e+00  4.77500000e-09  8.05600387e-05 
 4.78500000e-09  1.80000000e+00  4.78500000e-09  8.04098184e-05 
 4.79500000e-09  1.80000000e+00  4.79500000e-09  8.01680002e-05 
 4.80500000e-09  1.80000000e+00  4.80500000e-09  8.00194020e-05 
 4.81500000e-09  1.80000000e+00  4.81500000e-09  7.97796496e-05 
 4.82500000e-09  1.80000000e+00  4.82500000e-09  7.96326495e-05 
 4.83500000e-09  1.80000000e+00  4.83500000e-09  7.93949355e-05 
 4.84500000e-09  1.80000000e+00  4.84500000e-09  7.92495101e-05 
 4.85500000e-09  1.80000000e+00  4.85500000e-09  7.90138076e-05 
 4.86500000e-09  1.80000000e+00  4.86500000e-09  7.88699340e-05 
 4.87500000e-09  1.80000000e+00  4.87500000e-09  7.86362167e-05 
 4.88500000e-09  1.80000000e+00  4.88500000e-09  7.84938722e-05 
 4.89500000e-09  1.80000000e+00  4.89500000e-09  7.82621141e-05 
 4.90500000e-09  1.80000000e+00  4.90500000e-09  7.81212767e-05 
 4.91500000e-09  1.80000000e+00  4.91500000e-09  7.78914522e-05 
 4.92500000e-09  1.80000000e+00  4.92500000e-09  7.77521001e-05 
 4.93500000e-09  1.80000000e+00  4.93500000e-09  7.75241844e-05 
 4.94500000e-09  1.80000000e+00  4.94500000e-09  7.73862961e-05 
 4.95500000e-09  1.80000000e+00  4.95500000e-09  7.71602646e-05 
 4.96500000e-09  1.80000000e+00  4.96500000e-09  7.70238193e-05 
 4.97500000e-09  1.80000000e+00  4.97500000e-09  7.67996477e-05 
 4.98500000e-09  1.80000000e+00  4.98500000e-09  7.66646249e-05 
 4.99500000e-09  1.80000000e+00  4.99500000e-09  7.64422895e-05 
 5.00500000e-09  1.80000000e+00  5.00500000e-09  7.63086689e-05 
 5.01500000e-09  1.80000000e+00  5.01500000e-09  7.60881465e-05 
 5.02500000e-09  1.80000000e+00  5.02500000e-09  7.59559082e-05 
 5.03500000e-09  1.80000000e+00  5.03500000e-09  7.57371759e-05 
 5.04500000e-09  1.80000000e+00  5.04500000e-09  7.56063005e-05 
 5.05500000e-09  1.80000000e+00  5.05500000e-09  7.53893357e-05 
 5.06500000e-09  1.80000000e+00  5.06500000e-09  7.52598041e-05 
 5.07500000e-09  1.80000000e+00  5.07500000e-09  7.50445846e-05 
 5.08500000e-09  1.80000000e+00  5.08500000e-09  7.49163781e-05 
 5.09500000e-09  1.80000000e+00  5.09500000e-09  7.47028821e-05 
 5.10500000e-09  1.80000000e+00  5.10500000e-09  7.45759822e-05 
 5.11500000e-09  1.80000000e+00  5.11500000e-09  7.43641884e-05 
 5.12500000e-09  1.80000000e+00  5.12500000e-09  7.42385769e-05 
 5.13500000e-09  1.80000000e+00  5.13500000e-09  7.40284643e-05 
 5.14500000e-09  1.80000000e+00  5.14500000e-09  7.39041235e-05 
 5.15500000e-09  1.80000000e+00  5.15500000e-09  7.36956714e-05 
 5.16500000e-09  1.80000000e+00  5.16500000e-09  7.35725838e-05 
 5.17500000e-09  1.80000000e+00  5.17500000e-09  7.33657718e-05 
 5.18500000e-09  1.80000000e+00  5.18500000e-09  7.32439202e-05 
 5.19500000e-09  1.80000000e+00  5.19500000e-09  7.30387283e-05 
 5.20500000e-09  1.80000000e+00  5.20500000e-09  7.29180958e-05 
 5.21500000e-09  1.80000000e+00  5.21500000e-09  7.27145044e-05 
 5.22500000e-09  1.80000000e+00  5.22500000e-09  7.25950745e-05 
 5.23500000e-09  1.80000000e+00  5.23500000e-09  7.23930642e-05 
 5.24500000e-09  1.80000000e+00  5.24500000e-09  7.22748206e-05 
 5.25500000e-09  1.80000000e+00  5.25500000e-09  7.20743724e-05 
 5.26500000e-09  1.80000000e+00  5.26500000e-09  7.19572990e-05 
 5.27500000e-09  1.80000000e+00  5.27500000e-09  7.17583942e-05 
 5.28500000e-09  1.80000000e+00  5.28500000e-09  7.16424753e-05 
 5.29500000e-09  1.80000000e+00  5.29500000e-09  7.14450954e-05 
 5.30500000e-09  1.80000000e+00  5.30500000e-09  7.13303156e-05 
 5.31500000e-09  1.80000000e+00  5.31500000e-09  7.11344426e-05 
 5.32500000e-09  1.80000000e+00  5.32500000e-09  7.10207866e-05 
 5.33500000e-09  1.80000000e+00  5.33500000e-09  7.08264026e-05 
 5.34500000e-09  1.80000000e+00  5.34500000e-09  7.07138555e-05 
 5.35500000e-09  1.80000000e+00  5.35500000e-09  7.05209431e-05 
 5.36500000e-09  1.80000000e+00  5.36500000e-09  7.04094901e-05 
 5.37500000e-09  1.80000000e+00  5.37500000e-09  7.02180320e-05 
 5.38500000e-09  1.80000000e+00  5.38500000e-09  7.01076588e-05 
 5.39500000e-09  1.80000000e+00  5.39500000e-09  6.99176379e-05 
 5.40500000e-09  1.80000000e+00  5.40500000e-09  6.98083302e-05 
 5.41500000e-09  1.80000000e+00  5.41500000e-09  6.96197299e-05 
 5.42500000e-09  1.80000000e+00  5.42500000e-09  6.95114738e-05 
 5.43500000e-09  1.80000000e+00  5.43500000e-09  6.93242776e-05 
 5.44500000e-09  1.80000000e+00  5.44500000e-09  6.92170593e-05 
 5.45500000e-09  1.80000000e+00  5.45500000e-09  6.90312511e-05 
 5.46500000e-09  1.80000000e+00  5.46500000e-09  6.89250572e-05 
 5.47500000e-09  1.80000000e+00  5.47500000e-09  6.87406210e-05 
 5.48500000e-09  1.80000000e+00  5.48500000e-09  6.86354381e-05 
 5.49500000e-09  1.80000000e+00  5.49500000e-09  6.84523582e-05 
 5.50000000e-09  1.80000000e+00  5.50000000e-09  6.84197048e-05 
 5.50100000e-09  1.79640000e+00  5.50100000e-09 -4.69064094e-04 
 5.50300000e-09  1.78920000e+00  5.50300000e-09 -1.48708639e-03 
 5.50700000e-09  1.77480000e+00  5.50700000e-09 -3.09501933e-03 
 5.51500000e-09  1.74600000e+00  5.51500000e-09 -4.81209371e-03 
 5.52500000e-09  1.71000000e+00  5.52500000e-09 -5.57505396e-03 
 5.53500000e-09  1.67400000e+00  5.53500000e-09 -5.81841906e-03 
 5.54500000e-09  1.63800000e+00  5.54500000e-09 -5.92050259e-03 
 5.55500000e-09  1.60200000e+00  5.55500000e-09 -5.98714974e-03 
 5.56500000e-09  1.56600000e+00  5.56500000e-09 -6.04530102e-03 
 5.57500000e-09  1.53000000e+00  5.57500000e-09 -6.10456396e-03 
 5.58500000e-09  1.49400000e+00  5.58500000e-09 -6.16720067e-03 
 5.59500000e-09  1.45800000e+00  5.59500000e-09 -6.23551014e-03 
 5.60500000e-09  1.42200000e+00  5.60500000e-09 -6.31066514e-03 
 5.61500000e-09  1.38600000e+00  5.61500000e-09 -6.39504898e-03 
 5.62500000e-09  1.35000000e+00  5.62500000e-09 -6.49107404e-03 
 5.63500000e-09  1.31400000e+00  5.63500000e-09 -6.60289587e-03 
 5.64500000e-09  1.27800000e+00  5.64500000e-09 -6.73578751e-03 
 5.65500000e-09  1.24200000e+00  5.65500000e-09 -6.89820254e-03 
 5.66500000e-09  1.20600000e+00  5.66500000e-09 -7.10203030e-03 
 5.67500000e-09  1.17000000e+00  5.67500000e-09 -7.36559461e-03 
 5.68500000e-09  1.13400000e+00  5.68500000e-09 -7.71568316e-03 
 5.69500000e-09  1.09800000e+00  5.69500000e-09 -8.19568154e-03 
 5.70500000e-09  1.06200000e+00  5.70500000e-09 -8.87994881e-03 
 5.71500000e-09  1.02600000e+00  5.71500000e-09 -9.90475420e-03 
 5.72500000e-09  9.90000000e-01  5.72500000e-09 -1.15090845e-02 
 5.73500000e-09  9.54000000e-01  5.73500000e-09 -1.40397710e-02 
 5.74500000e-09  9.18000000e-01  5.74500000e-09 -1.76831547e-02 
 5.75500000e-09  8.82000000e-01  5.75500000e-09 -2.11719715e-02 
 5.76500000e-09  8.46000000e-01  5.76500000e-09 -1.90743022e-02 
 5.77500000e-09  8.10000000e-01  5.77500000e-09 -1.81510273e-03 
 5.78500000e-09  7.74000000e-01  5.78500000e-09  3.77968541e-02 
 5.79500000e-09  7.38000000e-01  5.79500000e-09  1.11734350e-01 
 5.80500000e-09  7.02000000e-01  5.80500000e-09  2.24437549e-01 
 5.81500000e-09  6.66000000e-01  5.81500000e-09  3.69997312e-01 
 5.82500000e-09  6.30000000e-01  5.82500000e-09  5.43897358e-01 
 5.83500000e-09  5.94000000e-01  5.83500000e-09  7.41115157e-01 
 5.84500000e-09  5.58000000e-01  5.84500000e-09  9.46954313e-01 
 5.85500000e-09  5.22000000e-01  5.85500000e-09  1.12354851e+00 
 5.86500000e-09  4.86000000e-01  5.86500000e-09  1.26362956e+00 
 5.87500000e-09  4.50000000e-01  5.87500000e-09  1.38178883e+00 
 5.88500000e-09  4.14000000e-01  5.88500000e-09  1.48071017e+00 
 5.89500000e-09  3.78000000e-01  5.89500000e-09  1.56042404e+00 
 5.90500000e-09  3.42000000e-01  5.90500000e-09  1.62288847e+00 
 5.91500000e-09  3.06000000e-01  5.91500000e-09  1.67062264e+00 
 5.92500000e-09  2.70000000e-01  5.92500000e-09  1.70620008e+00 
 5.93500000e-09  2.34000000e-01  5.93500000e-09  1.73210009e+00 
 5.94500000e-09  1.98000000e-01  5.94500000e-09  1.75058737e+00 
 5.95500000e-09  1.62000000e-01  5.95500000e-09  1.76355094e+00 
 5.96500000e-09  1.26000000e-01  5.96500000e-09  1.77252281e+00 
 5.97500000e-09  9.00000000e-02  5.97500000e-09  1.77865464e+00 
 5.98500000e-09  5.40000000e-02  5.98500000e-09  1.78282082e+00 
 5.99500000e-09  1.80000000e-02  5.99500000e-09  1.78563001e+00 
 6.00000000e-09  0.00000000e+00  6.00000000e-09  1.78666613e+00 
 6.00100000e-09  0.00000000e+00  6.00100000e-09  1.78703525e+00 
 6.00300000e-09  0.00000000e+00  6.00300000e-09  1.78784238e+00 
 6.00700000e-09  0.00000000e+00  6.00700000e-09  1.78963079e+00 
 6.01500000e-09  0.00000000e+00  6.01500000e-09  1.79278032e+00 
 6.02500000e-09  0.00000000e+00  6.02500000e-09  1.79548692e+00 
 6.03500000e-09  0.00000000e+00  6.03500000e-09  1.79717001e+00 
 6.04500000e-09  0.00000000e+00  6.04500000e-09  1.79822691e+00 
 6.05500000e-09  0.00000000e+00  6.05500000e-09  1.79888877e+00 
 6.06500000e-09  0.00000000e+00  6.06500000e-09  1.79930326e+00 
 6.07500000e-09  0.00000000e+00  6.07500000e-09  1.79956343e+00 
 6.08500000e-09  0.00000000e+00  6.08500000e-09  1.79972606e+00 
 6.09500000e-09  0.00000000e+00  6.09500000e-09  1.79982843e+00 
 6.10500000e-09  0.00000000e+00  6.10500000e-09  1.79989219e+00 
 6.11500000e-09  0.00000000e+00  6.11500000e-09  1.79993258e+00 
 6.12500000e-09  0.00000000e+00  6.12500000e-09  1.79995750e+00 
 6.13500000e-09  0.00000000e+00  6.13500000e-09  1.79997354e+00 
 6.14500000e-09  0.00000000e+00  6.14500000e-09  1.79998319e+00 
 6.15500000e-09  0.00000000e+00  6.15500000e-09  1.79998965e+00 
 6.16500000e-09  0.00000000e+00  6.16500000e-09  1.79999330e+00 
 6.17500000e-09  0.00000000e+00  6.17500000e-09  1.79999598e+00 
 6.18500000e-09  0.00000000e+00  6.18500000e-09  1.79999728e+00 
 6.19500000e-09  0.00000000e+00  6.19500000e-09  1.79999848e+00 
 6.20500000e-09  0.00000000e+00  6.20500000e-09  1.79999883e+00 
 6.21500000e-09  0.00000000e+00  6.21500000e-09  1.79999940e+00 
 6.22500000e-09  0.00000000e+00  6.22500000e-09  1.79999940e+00 
 6.23500000e-09  0.00000000e+00  6.23500000e-09  1.79999976e+00 
 6.24500000e-09  0.00000000e+00  6.24500000e-09  1.79999964e+00 
 6.25500000e-09  0.00000000e+00  6.25500000e-09  1.79999989e+00 
 6.26500000e-09  0.00000000e+00  6.26500000e-09  1.79999973e+00 
 6.27500000e-09  0.00000000e+00  6.27500000e-09  1.79999994e+00 
 6.28500000e-09  0.00000000e+00  6.28500000e-09  1.79999977e+00 
 6.29500000e-09  0.00000000e+00  6.29500000e-09  1.79999996e+00 
 6.30500000e-09  0.00000000e+00  6.30500000e-09  1.79999982e+00 
 6.31500000e-09  0.00000000e+00  6.31500000e-09  1.80000002e+00 
 6.32500000e-09  0.00000000e+00  6.32500000e-09  1.79999987e+00 
 6.33500000e-09  0.00000000e+00  6.33500000e-09  1.80000005e+00 
 6.34500000e-09  0.00000000e+00  6.34500000e-09  1.79999989e+00 
 6.35500000e-09  0.00000000e+00  6.35500000e-09  1.80000006e+00 
 6.36500000e-09  0.00000000e+00  6.36500000e-09  1.79999990e+00 
 6.37500000e-09  0.00000000e+00  6.37500000e-09  1.80000006e+00 
 6.38500000e-09  0.00000000e+00  6.38500000e-09  1.79999991e+00 
 6.39500000e-09  0.00000000e+00  6.39500000e-09  1.80000006e+00 
 6.40500000e-09  0.00000000e+00  6.40500000e-09  1.79999991e+00 
 6.41500000e-09  0.00000000e+00  6.41500000e-09  1.80000006e+00 
 6.42500000e-09  0.00000000e+00  6.42500000e-09  1.79999991e+00 
 6.43500000e-09  0.00000000e+00  6.43500000e-09  1.80000006e+00 
 6.44500000e-09  0.00000000e+00  6.44500000e-09  1.79999991e+00 
 6.45500000e-09  0.00000000e+00  6.45500000e-09  1.80000003e+00 
 6.46500000e-09  0.00000000e+00  6.46500000e-09  1.79999983e+00 
 6.47500000e-09  0.00000000e+00  6.47500000e-09  1.79999996e+00 
 6.48500000e-09  0.00000000e+00  6.48500000e-09  1.79999982e+00 
 6.49500000e-09  0.00000000e+00  6.49500000e-09  1.79999993e+00 
 6.50500000e-09  0.00000000e+00  6.50500000e-09  1.79999977e+00 
 6.51500000e-09  0.00000000e+00  6.51500000e-09  1.79999990e+00 
 6.52500000e-09  0.00000000e+00  6.52500000e-09  1.79999976e+00 
 6.53500000e-09  0.00000000e+00  6.53500000e-09  1.79999989e+00 
 6.54500000e-09  0.00000000e+00  6.54500000e-09  1.79999975e+00 
 6.55500000e-09  0.00000000e+00  6.55500000e-09  1.79999988e+00 
 6.56500000e-09  0.00000000e+00  6.56500000e-09  1.79999975e+00 
 6.57500000e-09  0.00000000e+00  6.57500000e-09  1.79999988e+00 
 6.58500000e-09  0.00000000e+00  6.58500000e-09  1.79999976e+00 
 6.59500000e-09  0.00000000e+00  6.59500000e-09  1.79999988e+00 
 6.60500000e-09  0.00000000e+00  6.60500000e-09  1.79999976e+00 
 6.61500000e-09  0.00000000e+00  6.61500000e-09  1.79999988e+00 
 6.62500000e-09  0.00000000e+00  6.62500000e-09  1.79999977e+00 
 6.63500000e-09  0.00000000e+00  6.63500000e-09  1.79999988e+00 
 6.64500000e-09  0.00000000e+00  6.64500000e-09  1.79999977e+00 
 6.65500000e-09  0.00000000e+00  6.65500000e-09  1.79999988e+00 
 6.66500000e-09  0.00000000e+00  6.66500000e-09  1.79999977e+00 
 6.67500000e-09  0.00000000e+00  6.67500000e-09  1.79999989e+00 
 6.68500000e-09  0.00000000e+00  6.68500000e-09  1.79999978e+00 
 6.69500000e-09  0.00000000e+00  6.69500000e-09  1.79999989e+00 
 6.70500000e-09  0.00000000e+00  6.70500000e-09  1.79999978e+00 
 6.71500000e-09  0.00000000e+00  6.71500000e-09  1.79999989e+00 
 6.72500000e-09  0.00000000e+00  6.72500000e-09  1.79999979e+00 
 6.73500000e-09  0.00000000e+00  6.73500000e-09  1.79999989e+00 
 6.74500000e-09  0.00000000e+00  6.74500000e-09  1.79999979e+00 
 6.75500000e-09  0.00000000e+00  6.75500000e-09  1.79999989e+00 
 6.76500000e-09  0.00000000e+00  6.76500000e-09  1.79999979e+00 
 6.77500000e-09  0.00000000e+00  6.77500000e-09  1.79999989e+00 
 6.78500000e-09  0.00000000e+00  6.78500000e-09  1.79999980e+00 
 6.79500000e-09  0.00000000e+00  6.79500000e-09  1.79999989e+00 
 6.80500000e-09  0.00000000e+00  6.80500000e-09  1.79999980e+00 
 6.81500000e-09  0.00000000e+00  6.81500000e-09  1.79999989e+00 
 6.82500000e-09  0.00000000e+00  6.82500000e-09  1.79999980e+00 
 6.83500000e-09  0.00000000e+00  6.83500000e-09  1.79999989e+00 
 6.84500000e-09  0.00000000e+00  6.84500000e-09  1.79999981e+00 
 6.85500000e-09  0.00000000e+00  6.85500000e-09  1.79999989e+00 
 6.86500000e-09  0.00000000e+00  6.86500000e-09  1.79999981e+00 
 6.87500000e-09  0.00000000e+00  6.87500000e-09  1.79999989e+00 
 6.88500000e-09  0.00000000e+00  6.88500000e-09  1.79999981e+00 
 6.89500000e-09  0.00000000e+00  6.89500000e-09  1.79999989e+00 
 6.90500000e-09  0.00000000e+00  6.90500000e-09  1.79999982e+00 
 6.91500000e-09  0.00000000e+00  6.91500000e-09  1.79999990e+00 
 6.92500000e-09  0.00000000e+00  6.92500000e-09  1.79999982e+00 
 6.93500000e-09  0.00000000e+00  6.93500000e-09  1.79999990e+00 
 6.94500000e-09  0.00000000e+00  6.94500000e-09  1.79999982e+00 
 6.95500000e-09  0.00000000e+00  6.95500000e-09  1.79999990e+00 
 6.96500000e-09  0.00000000e+00  6.96500000e-09  1.79999983e+00 
 6.97500000e-09  0.00000000e+00  6.97500000e-09  1.79999990e+00 
 6.98500000e-09  0.00000000e+00  6.98500000e-09  1.79999983e+00 
 6.99500000e-09  0.00000000e+00  6.99500000e-09  1.79999990e+00 
 7.00500000e-09  0.00000000e+00  7.00500000e-09  1.79999983e+00 
 7.01500000e-09  0.00000000e+00  7.01500000e-09  1.79999990e+00 
 7.02500000e-09  0.00000000e+00  7.02500000e-09  1.79999983e+00 
 7.03500000e-09  0.00000000e+00  7.03500000e-09  1.79999990e+00 
 7.04500000e-09  0.00000000e+00  7.04500000e-09  1.79999984e+00 
 7.05500000e-09  0.00000000e+00  7.05500000e-09  1.79999990e+00 
 7.06500000e-09  0.00000000e+00  7.06500000e-09  1.79999984e+00 
 7.07500000e-09  0.00000000e+00  7.07500000e-09  1.79999990e+00 
 7.08500000e-09  0.00000000e+00  7.08500000e-09  1.79999984e+00 
 7.09500000e-09  0.00000000e+00  7.09500000e-09  1.79999990e+00 
 7.10500000e-09  0.00000000e+00  7.10500000e-09  1.79999984e+00 
 7.11500000e-09  0.00000000e+00  7.11500000e-09  1.79999990e+00 
 7.12500000e-09  0.00000000e+00  7.12500000e-09  1.79999985e+00 
 7.13500000e-09  0.00000000e+00  7.13500000e-09  1.79999990e+00 
 7.14500000e-09  0.00000000e+00  7.14500000e-09  1.79999985e+00 
 7.15500000e-09  0.00000000e+00  7.15500000e-09  1.79999990e+00 
 7.16500000e-09  0.00000000e+00  7.16500000e-09  1.79999985e+00 
 7.17500000e-09  0.00000000e+00  7.17500000e-09  1.79999990e+00 
 7.18500000e-09  0.00000000e+00  7.18500000e-09  1.79999985e+00 
 7.19500000e-09  0.00000000e+00  7.19500000e-09  1.79999990e+00 
 7.20500000e-09  0.00000000e+00  7.20500000e-09  1.79999986e+00 
 7.21500000e-09  0.00000000e+00  7.21500000e-09  1.79999990e+00 
 7.22500000e-09  0.00000000e+00  7.22500000e-09  1.79999986e+00 
 7.23500000e-09  0.00000000e+00  7.23500000e-09  1.79999990e+00 
 7.24500000e-09  0.00000000e+00  7.24500000e-09  1.79999986e+00 
 7.25500000e-09  0.00000000e+00  7.25500000e-09  1.79999991e+00 
 7.26500000e-09  0.00000000e+00  7.26500000e-09  1.79999986e+00 
 7.27500000e-09  0.00000000e+00  7.27500000e-09  1.79999991e+00 
 7.28500000e-09  0.00000000e+00  7.28500000e-09  1.79999986e+00 
 7.29500000e-09  0.00000000e+00  7.29500000e-09  1.79999991e+00 
 7.30500000e-09  0.00000000e+00  7.30500000e-09  1.79999987e+00 
 7.31500000e-09  0.00000000e+00  7.31500000e-09  1.79999991e+00 
 7.32500000e-09  0.00000000e+00  7.32500000e-09  1.79999987e+00 
 7.33500000e-09  0.00000000e+00  7.33500000e-09  1.79999991e+00 
 7.34500000e-09  0.00000000e+00  7.34500000e-09  1.79999987e+00 
 7.35500000e-09  0.00000000e+00  7.35500000e-09  1.79999991e+00 
 7.36500000e-09  0.00000000e+00  7.36500000e-09  1.79999987e+00 
 7.37500000e-09  0.00000000e+00  7.37500000e-09  1.79999991e+00 
 7.38500000e-09  0.00000000e+00  7.38500000e-09  1.79999987e+00 
 7.39500000e-09  0.00000000e+00  7.39500000e-09  1.79999991e+00 
 7.40500000e-09  0.00000000e+00  7.40500000e-09  1.79999988e+00 
 7.41500000e-09  0.00000000e+00  7.41500000e-09  1.79999991e+00 
 7.42500000e-09  0.00000000e+00  7.42500000e-09  1.79999988e+00 
 7.43500000e-09  0.00000000e+00  7.43500000e-09  1.79999991e+00 
 7.44500000e-09  0.00000000e+00  7.44500000e-09  1.79999988e+00 
 7.45500000e-09  0.00000000e+00  7.45500000e-09  1.79999991e+00 
 7.46500000e-09  0.00000000e+00  7.46500000e-09  1.79999988e+00 
 7.47500000e-09  0.00000000e+00  7.47500000e-09  1.79999991e+00 
 7.48500000e-09  0.00000000e+00  7.48500000e-09  1.79999988e+00 
 7.49500000e-09  0.00000000e+00  7.49500000e-09  1.79999991e+00 
 7.50500000e-09  0.00000000e+00  7.50500000e-09  1.79999988e+00 
 7.51500000e-09  0.00000000e+00  7.51500000e-09  1.79999991e+00 
 7.52500000e-09  0.00000000e+00  7.52500000e-09  1.79999989e+00 
 7.53500000e-09  0.00000000e+00  7.53500000e-09  1.79999991e+00 
 7.54500000e-09  0.00000000e+00  7.54500000e-09  1.79999989e+00 
 7.55500000e-09  0.00000000e+00  7.55500000e-09  1.79999991e+00 
 7.56500000e-09  0.00000000e+00  7.56500000e-09  1.79999989e+00 
 7.57500000e-09  0.00000000e+00  7.57500000e-09  1.79999991e+00 
 7.58500000e-09  0.00000000e+00  7.58500000e-09  1.79999989e+00 
 7.59500000e-09  0.00000000e+00  7.59500000e-09  1.79999991e+00 
 7.60500000e-09  0.00000000e+00  7.60500000e-09  1.79999989e+00 
 7.61500000e-09  0.00000000e+00  7.61500000e-09  1.79999991e+00 
 7.62500000e-09  0.00000000e+00  7.62500000e-09  1.79999989e+00 
 7.63500000e-09  0.00000000e+00  7.63500000e-09  1.79999992e+00 
 7.64500000e-09  0.00000000e+00  7.64500000e-09  1.79999990e+00 
 7.65500000e-09  0.00000000e+00  7.65500000e-09  1.79999992e+00 
 7.66500000e-09  0.00000000e+00  7.66500000e-09  1.79999990e+00 
 7.67500000e-09  0.00000000e+00  7.67500000e-09  1.79999992e+00 
 7.68500000e-09  0.00000000e+00  7.68500000e-09  1.79999990e+00 
 7.69500000e-09  0.00000000e+00  7.69500000e-09  1.79999992e+00 
 7.70500000e-09  0.00000000e+00  7.70500000e-09  1.79999990e+00 
 7.71500000e-09  0.00000000e+00  7.71500000e-09  1.79999992e+00 
 7.72500000e-09  0.00000000e+00  7.72500000e-09  1.79999990e+00 
 7.73500000e-09  0.00000000e+00  7.73500000e-09  1.79999992e+00 
 7.74500000e-09  0.00000000e+00  7.74500000e-09  1.79999990e+00 
 7.75500000e-09  0.00000000e+00  7.75500000e-09  1.79999992e+00 
 7.76500000e-09  0.00000000e+00  7.76500000e-09  1.79999990e+00 
 7.77500000e-09  0.00000000e+00  7.77500000e-09  1.79999992e+00 
 7.78500000e-09  0.00000000e+00  7.78500000e-09  1.79999990e+00 
 7.79500000e-09  0.00000000e+00  7.79500000e-09  1.79999992e+00 
 7.80500000e-09  0.00000000e+00  7.80500000e-09  1.79999991e+00 
 7.81500000e-09  0.00000000e+00  7.81500000e-09  1.79999992e+00 
 7.82500000e-09  0.00000000e+00  7.82500000e-09  1.79999991e+00 
 7.83500000e-09  0.00000000e+00  7.83500000e-09  1.79999992e+00 
 7.84500000e-09  0.00000000e+00  7.84500000e-09  1.79999991e+00 
 7.85500000e-09  0.00000000e+00  7.85500000e-09  1.79999992e+00 
 7.86500000e-09  0.00000000e+00  7.86500000e-09  1.79999991e+00 
 7.87500000e-09  0.00000000e+00  7.87500000e-09  1.79999992e+00 
 7.88500000e-09  0.00000000e+00  7.88500000e-09  1.79999991e+00 
 7.89500000e-09  0.00000000e+00  7.89500000e-09  1.79999992e+00 
 7.90500000e-09  0.00000000e+00  7.90500000e-09  1.79999991e+00 
 7.91500000e-09  0.00000000e+00  7.91500000e-09  1.79999992e+00 
 7.92500000e-09  0.00000000e+00  7.92500000e-09  1.79999991e+00 
 7.93500000e-09  0.00000000e+00  7.93500000e-09  1.79999992e+00 
 7.94500000e-09  0.00000000e+00  7.94500000e-09  1.79999991e+00 
 7.95500000e-09  0.00000000e+00  7.95500000e-09  1.79999992e+00 
 7.96500000e-09  0.00000000e+00  7.96500000e-09  1.79999992e+00 
 7.97500000e-09  0.00000000e+00  7.97500000e-09  1.79999992e+00 
 7.98500000e-09  0.00000000e+00  7.98500000e-09  1.79999992e+00 
 7.99500000e-09  0.00000000e+00  7.99500000e-09  1.79999992e+00 
 8.00500000e-09  0.00000000e+00  8.00500000e-09  1.79999992e+00 
 8.01500000e-09  0.00000000e+00  8.01500000e-09  1.79999992e+00 
 8.02500000e-09  0.00000000e+00  8.02500000e-09  1.79999992e+00 
 8.03500000e-09  0.00000000e+00  8.03500000e-09  1.79999993e+00 
 8.04500000e-09  0.00000000e+00  8.04500000e-09  1.79999992e+00 
 8.05500000e-09  0.00000000e+00  8.05500000e-09  1.79999993e+00 
 8.06500000e-09  0.00000000e+00  8.06500000e-09  1.79999992e+00 
 8.07500000e-09  0.00000000e+00  8.07500000e-09  1.79999993e+00 
 8.08500000e-09  0.00000000e+00  8.08500000e-09  1.79999992e+00 
 8.09500000e-09  0.00000000e+00  8.09500000e-09  1.79999993e+00 
 8.10500000e-09  0.00000000e+00  8.10500000e-09  1.79999992e+00 
 8.11500000e-09  0.00000000e+00  8.11500000e-09  1.79999993e+00 
 8.12500000e-09  0.00000000e+00  8.12500000e-09  1.79999992e+00 
 8.13500000e-09  0.00000000e+00  8.13500000e-09  1.79999993e+00 
 8.14500000e-09  0.00000000e+00  8.14500000e-09  1.79999992e+00 
 8.15500000e-09  0.00000000e+00  8.15500000e-09  1.79999993e+00 
 8.16500000e-09  0.00000000e+00  8.16500000e-09  1.79999993e+00 
 8.17500000e-09  0.00000000e+00  8.17500000e-09  1.79999993e+00 
 8.18500000e-09  0.00000000e+00  8.18500000e-09  1.79999993e+00 
 8.19500000e-09  0.00000000e+00  8.19500000e-09  1.79999993e+00 
 8.20500000e-09  0.00000000e+00  8.20500000e-09  1.79999993e+00 
 8.21500000e-09  0.00000000e+00  8.21500000e-09  1.79999993e+00 
 8.22500000e-09  0.00000000e+00  8.22500000e-09  1.79999993e+00 
 8.23500000e-09  0.00000000e+00  8.23500000e-09  1.79999993e+00 
 8.24500000e-09  0.00000000e+00  8.24500000e-09  1.79999993e+00 
 8.25500000e-09  0.00000000e+00  8.25500000e-09  1.79999993e+00 
 8.26500000e-09  0.00000000e+00  8.26500000e-09  1.79999993e+00 
 8.27500000e-09  0.00000000e+00  8.27500000e-09  1.79999993e+00 
 8.28500000e-09  0.00000000e+00  8.28500000e-09  1.79999993e+00 
 8.29500000e-09  0.00000000e+00  8.29500000e-09  1.79999993e+00 
 8.30500000e-09  0.00000000e+00  8.30500000e-09  1.79999993e+00 
 8.31500000e-09  0.00000000e+00  8.31500000e-09  1.79999993e+00 
 8.32500000e-09  0.00000000e+00  8.32500000e-09  1.79999993e+00 
 8.33500000e-09  0.00000000e+00  8.33500000e-09  1.79999993e+00 
 8.34500000e-09  0.00000000e+00  8.34500000e-09  1.79999993e+00 
 8.35500000e-09  0.00000000e+00  8.35500000e-09  1.79999993e+00 
 8.36500000e-09  0.00000000e+00  8.36500000e-09  1.79999993e+00 
 8.37500000e-09  0.00000000e+00  8.37500000e-09  1.79999993e+00 
 8.38500000e-09  0.00000000e+00  8.38500000e-09  1.79999993e+00 
 8.39500000e-09  0.00000000e+00  8.39500000e-09  1.79999993e+00 
 8.40500000e-09  0.00000000e+00  8.40500000e-09  1.79999994e+00 
 8.41500000e-09  0.00000000e+00  8.41500000e-09  1.79999993e+00 
 8.42500000e-09  0.00000000e+00  8.42500000e-09  1.79999994e+00 
 8.43500000e-09  0.00000000e+00  8.43500000e-09  1.79999993e+00 
 8.44500000e-09  0.00000000e+00  8.44500000e-09  1.79999994e+00 
 8.45500000e-09  0.00000000e+00  8.45500000e-09  1.79999993e+00 
 8.46500000e-09  0.00000000e+00  8.46500000e-09  1.79999994e+00 
 8.47500000e-09  0.00000000e+00  8.47500000e-09  1.79999994e+00 
 8.48500000e-09  0.00000000e+00  8.48500000e-09  1.79999994e+00 
 8.49500000e-09  0.00000000e+00  8.49500000e-09  1.79999994e+00 
 8.50500000e-09  0.00000000e+00  8.50500000e-09  1.79999994e+00 
 8.51500000e-09  0.00000000e+00  8.51500000e-09  1.79999994e+00 
 8.52500000e-09  0.00000000e+00  8.52500000e-09  1.79999994e+00 
 8.53500000e-09  0.00000000e+00  8.53500000e-09  1.79999994e+00 
 8.54500000e-09  0.00000000e+00  8.54500000e-09  1.79999994e+00 
 8.55500000e-09  0.00000000e+00  8.55500000e-09  1.79999994e+00 
 8.56500000e-09  0.00000000e+00  8.56500000e-09  1.79999994e+00 
 8.57500000e-09  0.00000000e+00  8.57500000e-09  1.79999994e+00 
 8.58500000e-09  0.00000000e+00  8.58500000e-09  1.79999994e+00 
 8.59500000e-09  0.00000000e+00  8.59500000e-09  1.79999994e+00 
 8.60500000e-09  0.00000000e+00  8.60500000e-09  1.79999994e+00 
 8.61500000e-09  0.00000000e+00  8.61500000e-09  1.79999994e+00 
 8.62500000e-09  0.00000000e+00  8.62500000e-09  1.79999994e+00 
 8.63500000e-09  0.00000000e+00  8.63500000e-09  1.79999994e+00 
 8.64500000e-09  0.00000000e+00  8.64500000e-09  1.79999994e+00 
 8.65500000e-09  0.00000000e+00  8.65500000e-09  1.79999994e+00 
 8.66500000e-09  0.00000000e+00  8.66500000e-09  1.79999994e+00 
 8.67500000e-09  0.00000000e+00  8.67500000e-09  1.79999994e+00 
 8.68500000e-09  0.00000000e+00  8.68500000e-09  1.79999994e+00 
 8.69500000e-09  0.00000000e+00  8.69500000e-09  1.79999994e+00 
 8.70500000e-09  0.00000000e+00  8.70500000e-09  1.79999995e+00 
 8.71500000e-09  0.00000000e+00  8.71500000e-09  1.79999994e+00 
 8.72500000e-09  0.00000000e+00  8.72500000e-09  1.79999995e+00 
 8.73500000e-09  0.00000000e+00  8.73500000e-09  1.79999994e+00 
 8.74500000e-09  0.00000000e+00  8.74500000e-09  1.79999995e+00 
 8.75500000e-09  0.00000000e+00  8.75500000e-09  1.79999994e+00 
 8.76500000e-09  0.00000000e+00  8.76500000e-09  1.79999995e+00 
 8.77500000e-09  0.00000000e+00  8.77500000e-09  1.79999994e+00 
 8.78500000e-09  0.00000000e+00  8.78500000e-09  1.79999995e+00 
 8.79500000e-09  0.00000000e+00  8.79500000e-09  1.79999994e+00 
 8.80500000e-09  0.00000000e+00  8.80500000e-09  1.79999995e+00 
 8.81500000e-09  0.00000000e+00  8.81500000e-09  1.79999994e+00 
 8.82500000e-09  0.00000000e+00  8.82500000e-09  1.79999995e+00 
 8.83500000e-09  0.00000000e+00  8.83500000e-09  1.79999994e+00 
 8.84500000e-09  0.00000000e+00  8.84500000e-09  1.79999995e+00 
 8.85500000e-09  0.00000000e+00  8.85500000e-09  1.79999994e+00 
 8.86500000e-09  0.00000000e+00  8.86500000e-09  1.79999995e+00 
 8.87500000e-09  0.00000000e+00  8.87500000e-09  1.79999994e+00 
 8.88500000e-09  0.00000000e+00  8.88500000e-09  1.79999995e+00 
 8.89500000e-09  0.00000000e+00  8.89500000e-09  1.79999994e+00 
 8.90500000e-09  0.00000000e+00  8.90500000e-09  1.79999995e+00 
 8.91500000e-09  0.00000000e+00  8.91500000e-09  1.79999994e+00 
 8.92500000e-09  0.00000000e+00  8.92500000e-09  1.79999995e+00 
 8.93500000e-09  0.00000000e+00  8.93500000e-09  1.79999994e+00 
 8.94500000e-09  0.00000000e+00  8.94500000e-09  1.79999995e+00 
 8.95500000e-09  0.00000000e+00  8.95500000e-09  1.79999994e+00 
 8.96500000e-09  0.00000000e+00  8.96500000e-09  1.79999995e+00 
 8.97500000e-09  0.00000000e+00  8.97500000e-09  1.79999995e+00 
 8.98500000e-09  0.00000000e+00  8.98500000e-09  1.79999995e+00 
 8.99500000e-09  0.00000000e+00  8.99500000e-09  1.79999995e+00 
 9.00500000e-09  0.00000000e+00  9.00500000e-09  1.79999995e+00 
 9.01500000e-09  0.00000000e+00  9.01500000e-09  1.79999995e+00 
 9.02500000e-09  0.00000000e+00  9.02500000e-09  1.79999995e+00 
 9.03500000e-09  0.00000000e+00  9.03500000e-09  1.79999995e+00 
 9.04500000e-09  0.00000000e+00  9.04500000e-09  1.79999995e+00 
 9.05500000e-09  0.00000000e+00  9.05500000e-09  1.79999995e+00 
 9.06500000e-09  0.00000000e+00  9.06500000e-09  1.79999995e+00 
 9.07500000e-09  0.00000000e+00  9.07500000e-09  1.79999995e+00 
 9.08500000e-09  0.00000000e+00  9.08500000e-09  1.79999996e+00 
 9.09500000e-09  0.00000000e+00  9.09500000e-09  1.79999995e+00 
 9.10500000e-09  0.00000000e+00  9.10500000e-09  1.79999996e+00 
 9.11500000e-09  0.00000000e+00  9.11500000e-09  1.79999995e+00 
 9.12500000e-09  0.00000000e+00  9.12500000e-09  1.79999996e+00 
 9.13500000e-09  0.00000000e+00  9.13500000e-09  1.79999995e+00 
 9.14500000e-09  0.00000000e+00  9.14500000e-09  1.79999996e+00 
 9.15500000e-09  0.00000000e+00  9.15500000e-09  1.79999995e+00 
 9.16500000e-09  0.00000000e+00  9.16500000e-09  1.79999996e+00 
 9.17500000e-09  0.00000000e+00  9.17500000e-09  1.79999996e+00 
 9.18500000e-09  0.00000000e+00  9.18500000e-09  1.79999997e+00 
 9.19500000e-09  0.00000000e+00  9.19500000e-09  1.79999996e+00 
 9.20500000e-09  0.00000000e+00  9.20500000e-09  1.79999997e+00 
 9.21500000e-09  0.00000000e+00  9.21500000e-09  1.79999996e+00 
 9.22500000e-09  0.00000000e+00  9.22500000e-09  1.79999997e+00 
 9.23500000e-09  0.00000000e+00  9.23500000e-09  1.79999996e+00 
 9.24500000e-09  0.00000000e+00  9.24500000e-09  1.79999997e+00 
 9.25500000e-09  0.00000000e+00  9.25500000e-09  1.79999996e+00 
 9.26500000e-09  0.00000000e+00  9.26500000e-09  1.79999997e+00 
 9.27500000e-09  0.00000000e+00  9.27500000e-09  1.79999996e+00 
 9.28500000e-09  0.00000000e+00  9.28500000e-09  1.79999997e+00 
 9.29500000e-09  0.00000000e+00  9.29500000e-09  1.79999997e+00 
 9.30500000e-09  0.00000000e+00  9.30500000e-09  1.79999998e+00 
 9.31500000e-09  0.00000000e+00  9.31500000e-09  1.79999998e+00 
 9.32500000e-09  0.00000000e+00  9.32500000e-09  1.79999999e+00 
 9.33500000e-09  0.00000000e+00  9.33500000e-09  1.79999998e+00 
 9.34500000e-09  0.00000000e+00  9.34500000e-09  1.79999999e+00 
 9.35500000e-09  0.00000000e+00  9.35500000e-09  1.79999998e+00 
 9.36500000e-09  0.00000000e+00  9.36500000e-09  1.79999999e+00 
 9.37500000e-09  0.00000000e+00  9.37500000e-09  1.79999998e+00 
 9.38500000e-09  0.00000000e+00  9.38500000e-09  1.79999999e+00 
 9.39500000e-09  0.00000000e+00  9.39500000e-09  1.79999998e+00 
 9.40500000e-09  0.00000000e+00  9.40500000e-09  1.79999999e+00 
 9.41500000e-09  0.00000000e+00  9.41500000e-09  1.79999998e+00 
 9.42500000e-09  0.00000000e+00  9.42500000e-09  1.79999999e+00 
 9.43500000e-09  0.00000000e+00  9.43500000e-09  1.79999998e+00 
 9.44500000e-09  0.00000000e+00  9.44500000e-09  1.79999999e+00 
 9.45500000e-09  0.00000000e+00  9.45500000e-09  1.79999998e+00 
 9.46500000e-09  0.00000000e+00  9.46500000e-09  1.79999999e+00 
 9.47500000e-09  0.00000000e+00  9.47500000e-09  1.79999998e+00 
 9.48500000e-09  0.00000000e+00  9.48500000e-09  1.79999999e+00 
 9.49500000e-09  0.00000000e+00  9.49500000e-09  1.79999998e+00 
 9.50500000e-09  0.00000000e+00  9.50500000e-09  1.79999999e+00 
 9.51500000e-09  0.00000000e+00  9.51500000e-09  1.79999998e+00 
 9.52500000e-09  0.00000000e+00  9.52500000e-09  1.79999999e+00 
 9.53500000e-09  0.00000000e+00  9.53500000e-09  1.79999998e+00 
 9.54500000e-09  0.00000000e+00  9.54500000e-09  1.79999999e+00 
 9.55500000e-09  0.00000000e+00  9.55500000e-09  1.79999998e+00 
 9.56500000e-09  0.00000000e+00  9.56500000e-09  1.79999999e+00 
 9.57500000e-09  0.00000000e+00  9.57500000e-09  1.79999998e+00 
 9.58500000e-09  0.00000000e+00  9.58500000e-09  1.79999999e+00 
 9.59500000e-09  0.00000000e+00  9.59500000e-09  1.79999998e+00 
 9.60500000e-09  0.00000000e+00  9.60500000e-09  1.79999999e+00 
 9.61500000e-09  0.00000000e+00  9.61500000e-09  1.79999998e+00 
 9.62500000e-09  0.00000000e+00  9.62500000e-09  1.79999999e+00 
 9.63500000e-09  0.00000000e+00  9.63500000e-09  1.79999998e+00 
 9.64500000e-09  0.00000000e+00  9.64500000e-09  1.79999999e+00 
 9.65500000e-09  0.00000000e+00  9.65500000e-09  1.79999998e+00 
 9.66500000e-09  0.00000000e+00  9.66500000e-09  1.79999999e+00 
 9.67500000e-09  0.00000000e+00  9.67500000e-09  1.79999998e+00 
 9.68500000e-09  0.00000000e+00  9.68500000e-09  1.79999999e+00 
 9.69500000e-09  0.00000000e+00  9.69500000e-09  1.79999998e+00 
 9.70500000e-09  0.00000000e+00  9.70500000e-09  1.79999999e+00 
 9.71500000e-09  0.00000000e+00  9.71500000e-09  1.79999998e+00 
 9.72500000e-09  0.00000000e+00  9.72500000e-09  1.79999999e+00 
 9.73500000e-09  0.00000000e+00  9.73500000e-09  1.79999998e+00 
 9.74500000e-09  0.00000000e+00  9.74500000e-09  1.79999999e+00 
 9.75500000e-09  0.00000000e+00  9.75500000e-09  1.79999998e+00 
 9.76500000e-09  0.00000000e+00  9.76500000e-09  1.79999999e+00 
 9.77500000e-09  0.00000000e+00  9.77500000e-09  1.79999998e+00 
 9.78500000e-09  0.00000000e+00  9.78500000e-09  1.79999999e+00 
 9.79500000e-09  0.00000000e+00  9.79500000e-09  1.79999998e+00 
 9.80500000e-09  0.00000000e+00  9.80500000e-09  1.79999999e+00 
 9.81500000e-09  0.00000000e+00  9.81500000e-09  1.79999998e+00 
 9.82500000e-09  0.00000000e+00  9.82500000e-09  1.79999999e+00 
 9.83500000e-09  0.00000000e+00  9.83500000e-09  1.79999998e+00 
 9.84500000e-09  0.00000000e+00  9.84500000e-09  1.79999999e+00 
 9.85500000e-09  0.00000000e+00  9.85500000e-09  1.79999998e+00 
 9.86500000e-09  0.00000000e+00  9.86500000e-09  1.79999999e+00 
 9.87500000e-09  0.00000000e+00  9.87500000e-09  1.79999998e+00 
 9.88500000e-09  0.00000000e+00  9.88500000e-09  1.79999999e+00 
 9.89500000e-09  0.00000000e+00  9.89500000e-09  1.79999998e+00 
 9.90500000e-09  0.00000000e+00  9.90500000e-09  1.79999999e+00 
 9.91500000e-09  0.00000000e+00  9.91500000e-09  1.79999998e+00 
 9.92500000e-09  0.00000000e+00  9.92500000e-09  1.79999999e+00 
 9.93500000e-09  0.00000000e+00  9.93500000e-09  1.79999998e+00 
 9.94500000e-09  0.00000000e+00  9.94500000e-09  1.79999999e+00 
 9.95500000e-09  0.00000000e+00  9.95500000e-09  1.79999998e+00 
 9.96500000e-09  0.00000000e+00  9.96500000e-09  1.79999999e+00 
 9.97500000e-09  0.00000000e+00  9.97500000e-09  1.79999998e+00 
 9.98500000e-09  0.00000000e+00  9.98500000e-09  1.79999999e+00 
 9.99500000e-09  0.00000000e+00  9.99500000e-09  1.79999998e+00 
 1.00000000e-08  0.00000000e+00  1.00000000e-08  1.79999999e+00 
 1.00010000e-08  3.60000000e-03  1.00010000e-08  1.80019992e+00 
 1.00030000e-08  1.08000000e-02  1.00030000e-08  1.80068781e+00 
 1.00070000e-08  2.52000000e-02  1.00070000e-08  1.80192920e+00 
 1.00150000e-08  5.40000000e-02  1.00150000e-08  1.80421232e+00 
 1.00250000e-08  9.00000000e-02  1.00250000e-08  1.80620041e+00 
 1.00350000e-08  1.26000000e-01  1.00350000e-08  1.80750725e+00 
 1.00450000e-08  1.62000000e-01  1.00450000e-08  1.80843161e+00 
 1.00550000e-08  1.98000000e-01  1.00550000e-08  1.80910450e+00 
 1.00650000e-08  2.34000000e-01  1.00650000e-08  1.80963915e+00 
 1.00750000e-08  2.70000000e-01  1.00750000e-08  1.81010513e+00 
 1.00850000e-08  3.06000000e-01  1.00850000e-08  1.81054421e+00 
 1.00950000e-08  3.42000000e-01  1.00950000e-08  1.81098503e+00 
 1.01050000e-08  3.78000000e-01  1.01050000e-08  1.81144527e+00 
 1.01150000e-08  4.14000000e-01  1.01150000e-08  1.81193858e+00 
 1.01250000e-08  4.50000000e-01  1.01250000e-08  1.81247108e+00 
 1.01350000e-08  4.86000000e-01  1.01350000e-08  1.81304240e+00 
 1.01450000e-08  5.22000000e-01  1.01450000e-08  1.81363365e+00 
 1.01550000e-08  5.58000000e-01  1.01550000e-08  1.81419426e+00 
 1.01650000e-08  5.94000000e-01  1.01650000e-08  1.81460885e+00 
 1.01750000e-08  6.30000000e-01  1.01750000e-08  1.81468874e+00 
 1.01850000e-08  6.66000000e-01  1.01850000e-08  1.81411915e+00 
 1.01950000e-08  7.02000000e-01  1.01950000e-08  1.81238898e+00 
 1.02050000e-08  7.38000000e-01  1.02050000e-08  1.80891707e+00 
 1.02150000e-08  7.74000000e-01  1.02150000e-08  1.80308697e+00 
 1.02250000e-08  8.10000000e-01  1.02250000e-08  1.79431114e+00 
 1.02350000e-08  8.46000000e-01  1.02350000e-08  1.78206148e+00 
 1.02450000e-08  8.82000000e-01  1.02450000e-08  1.76601205e+00 
 1.02550000e-08  9.18000000e-01  1.02550000e-08  1.74552707e+00 
 1.02650000e-08  9.54000000e-01  1.02650000e-08  1.71961021e+00 
 1.02750000e-08  9.90000000e-01  1.02750000e-08  1.68706564e+00 
 1.02850000e-08  1.02600000e+00  1.02850000e-08  1.64619962e+00 
 1.02950000e-08  1.06200000e+00  1.02950000e-08  1.59570149e+00 
 1.03050000e-08  1.09800000e+00  1.03050000e-08  1.53542932e+00 
 1.03150000e-08  1.13400000e+00  1.03150000e-08  1.46560347e+00 
 1.03250000e-08  1.17000000e+00  1.03250000e-08  1.38596568e+00 
 1.03350000e-08  1.20600000e+00  1.03350000e-08  1.29569819e+00 
 1.03450000e-08  1.24200000e+00  1.03450000e-08  1.19302683e+00 
 1.03550000e-08  1.27800000e+00  1.03550000e-08  1.07356720e+00 
 1.03650000e-08  1.31400000e+00  1.03650000e-08  9.24079082e-01 
 1.03750000e-08  1.35000000e+00  1.03750000e-08  7.23493863e-01 
 1.03850000e-08  1.38600000e+00  1.03850000e-08  4.83846060e-01 
 1.03950000e-08  1.42200000e+00  1.03950000e-08  2.73702107e-01 
 1.04050000e-08  1.45800000e+00  1.04050000e-08  1.44477955e-01 
 1.04150000e-08  1.49400000e+00  1.04150000e-08  7.91282653e-02 
 1.04250000e-08  1.53000000e+00  1.04250000e-08  4.76260793e-02 
 1.04350000e-08  1.56600000e+00  1.04350000e-08  3.26705075e-02 
 1.04450000e-08  1.60200000e+00  1.04450000e-08  2.47847101e-02 
 1.04550000e-08  1.63800000e+00  1.04550000e-08  2.03341328e-02 
 1.04650000e-08  1.67400000e+00  1.04650000e-08  1.74614281e-02 
 1.04750000e-08  1.71000000e+00  1.04750000e-08  1.55211235e-02 
 1.04850000e-08  1.74600000e+00  1.04850000e-08  1.40838581e-02 
 1.04950000e-08  1.78200000e+00  1.04950000e-08  1.29995733e-02 
 1.05000000e-08  1.80000000e+00  1.05000000e-08  1.25467151e-02 
 1.05010000e-08  1.80000000e+00  1.05010000e-08  1.19418116e-02 
 1.05030000e-08  1.80000000e+00  1.05030000e-08  1.08016785e-02 
 1.05070000e-08  1.80000000e+00  1.05070000e-08  8.96809608e-03 
 1.05150000e-08  1.80000000e+00  1.05150000e-08  6.73279580e-03 
 1.05250000e-08  1.80000000e+00  1.05250000e-08  5.36143911e-03 
 1.05350000e-08  1.80000000e+00  1.05350000e-08  4.62655513e-03 
 1.05450000e-08  1.80000000e+00  1.05450000e-08  4.13501203e-03 
 1.05550000e-08  1.80000000e+00  1.05550000e-08  3.75668802e-03 
 1.05650000e-08  1.80000000e+00  1.05650000e-08  3.44634682e-03 
 1.05750000e-08  1.80000000e+00  1.05750000e-08  3.18300805e-03 
 1.05850000e-08  1.80000000e+00  1.05850000e-08  2.95607261e-03 
 1.05950000e-08  1.80000000e+00  1.05950000e-08  2.75798197e-03 
 1.06050000e-08  1.80000000e+00  1.06050000e-08  2.58376918e-03 
 1.06150000e-08  1.80000000e+00  1.06150000e-08  2.42925644e-03 
 1.06250000e-08  1.80000000e+00  1.06250000e-08  2.29147943e-03 
 1.06350000e-08  1.80000000e+00  1.06350000e-08  2.16778712e-03 
 1.06450000e-08  1.80000000e+00  1.06450000e-08  2.05628813e-03 
 1.06550000e-08  1.80000000e+00  1.06550000e-08  1.95518320e-03 
 1.06650000e-08  1.80000000e+00  1.06650000e-08  1.86323272e-03 
 1.06750000e-08  1.80000000e+00  1.06750000e-08  1.77915020e-03 
 1.06850000e-08  1.80000000e+00  1.06850000e-08  1.70211417e-03 
 1.06950000e-08  1.80000000e+00  1.06950000e-08  1.63116096e-03 
 1.07050000e-08  1.80000000e+00  1.07050000e-08  1.56574809e-03 
 1.07150000e-08  1.80000000e+00  1.07150000e-08  1.50512219e-03 
 1.07250000e-08  1.80000000e+00  1.07250000e-08  1.44893324e-03 
 1.07350000e-08  1.80000000e+00  1.07350000e-08  1.39656867e-03 
 1.07450000e-08  1.80000000e+00  1.07450000e-08  1.34781524e-03 
 1.07550000e-08  1.80000000e+00  1.07550000e-08  1.30215675e-03 
 1.07650000e-08  1.80000000e+00  1.07650000e-08  1.25947981e-03 
 1.07750000e-08  1.80000000e+00  1.07750000e-08  1.21933528e-03 
 1.07850000e-08  1.80000000e+00  1.07850000e-08  1.18168446e-03 
 1.07950000e-08  1.80000000e+00  1.07950000e-08  1.14612553e-03 
 1.08050000e-08  1.80000000e+00  1.08050000e-08  1.11267684e-03 
 1.08150000e-08  1.80000000e+00  1.08150000e-08  1.08097029e-03 
 1.08250000e-08  1.80000000e+00  1.08250000e-08  1.05106871e-03 
 1.08350000e-08  1.80000000e+00  1.08350000e-08  1.02262812e-03 
 1.08450000e-08  1.80000000e+00  1.08450000e-08  9.95746703e-04 
 1.08550000e-08  1.80000000e+00  1.08550000e-08  9.70097771e-04 
 1.08650000e-08  1.80000000e+00  1.08650000e-08  9.45808015e-04 
 1.08750000e-08  1.80000000e+00  1.08750000e-08  9.22563150e-04 
 1.08850000e-08  1.80000000e+00  1.08850000e-08  9.00513217e-04 
 1.08950000e-08  1.80000000e+00  1.08950000e-08  8.79352746e-04 
 1.09050000e-08  1.80000000e+00  1.09050000e-08  8.59251161e-04 
 1.09150000e-08  1.80000000e+00  1.09150000e-08  8.39909179e-04 
 1.09250000e-08  1.80000000e+00  1.09250000e-08  8.21512507e-04 
 1.09350000e-08  1.80000000e+00  1.09350000e-08  8.03766108e-04 
 1.09450000e-08  1.80000000e+00  1.09450000e-08  7.86869509e-04 
 1.09550000e-08  1.80000000e+00  1.09550000e-08  7.70530489e-04 
 1.09650000e-08  1.80000000e+00  1.09650000e-08  7.54960414e-04 
 1.09750000e-08  1.80000000e+00  1.09750000e-08  7.39868816e-04 
 1.09850000e-08  1.80000000e+00  1.09850000e-08  7.25477285e-04 
 1.09950000e-08  1.80000000e+00  1.09950000e-08  7.11496324e-04 
 1.10050000e-08  1.80000000e+00  1.10050000e-08  6.98156414e-04 
 1.10150000e-08  1.80000000e+00  1.10150000e-08  6.85168453e-04 
 1.10250000e-08  1.80000000e+00  1.10250000e-08  6.72770703e-04 
 1.10350000e-08  1.80000000e+00  1.10350000e-08  6.60674036e-04 
 1.10450000e-08  1.80000000e+00  1.10450000e-08  6.49123558e-04 
 1.10550000e-08  1.80000000e+00  1.10550000e-08  6.37829818e-04 
 1.10650000e-08  1.80000000e+00  1.10650000e-08  6.27043965e-04 
 1.10750000e-08  1.80000000e+00  1.10750000e-08  6.16476019e-04 
 1.10850000e-08  1.80000000e+00  1.10850000e-08  6.06382481e-04 
 1.10950000e-08  1.80000000e+00  1.10950000e-08  5.96472708e-04 
 1.11050000e-08  1.80000000e+00  1.11050000e-08  5.87007954e-04 
 1.11150000e-08  1.80000000e+00  1.11150000e-08  5.77696833e-04 
 1.11250000e-08  1.80000000e+00  1.11250000e-08  5.68804824e-04 
 1.11350000e-08  1.80000000e+00  1.11350000e-08  5.60039758e-04 
 1.11450000e-08  1.80000000e+00  1.11450000e-08  5.51670880e-04 
 1.11550000e-08  1.80000000e+00  1.11550000e-08  5.43405228e-04 
 1.11650000e-08  1.80000000e+00  1.11650000e-08  5.35515401e-04 
 1.11750000e-08  1.80000000e+00  1.11750000e-08  5.27707658e-04 
 1.11850000e-08  1.80000000e+00  1.11850000e-08  5.20257587e-04 
 1.11950000e-08  1.80000000e+00  1.11950000e-08  5.12870703e-04 
 1.12050000e-08  1.80000000e+00  1.12050000e-08  5.05825249e-04 
 1.12150000e-08  1.80000000e+00  1.12150000e-08  4.98826048e-04 
 1.12250000e-08  1.80000000e+00  1.12250000e-08  4.92153697e-04 
 1.12350000e-08  1.80000000e+00  1.12350000e-08  4.85512384e-04 
 1.12450000e-08  1.80000000e+00  1.12450000e-08  4.79184791e-04 
 1.12550000e-08  1.80000000e+00  1.12550000e-08  4.72874537e-04 
 1.12650000e-08  1.80000000e+00  1.12650000e-08  4.66866140e-04 
 1.12750000e-08  1.80000000e+00  1.12750000e-08  4.60862721e-04 
 1.12850000e-08  1.80000000e+00  1.12850000e-08  4.55150410e-04 
 1.12950000e-08  1.80000000e+00  1.12950000e-08  4.49431902e-04 
 1.13050000e-08  1.80000000e+00  1.13050000e-08  4.43994729e-04 
 1.13150000e-08  1.80000000e+00  1.13150000e-08  4.38541240e-04 
 1.13250000e-08  1.80000000e+00  1.13250000e-08  4.33360177e-04 
 1.13350000e-08  1.80000000e+00  1.13350000e-08  4.28153619e-04 
 1.13450000e-08  1.80000000e+00  1.13450000e-08  4.23211343e-04 
 1.13550000e-08  1.80000000e+00  1.13550000e-08  4.18235233e-04 
 1.13650000e-08  1.80000000e+00  1.13650000e-08  4.13515937e-04 
 1.13750000e-08  1.80000000e+00  1.13750000e-08  4.08755224e-04 
 1.13850000e-08  1.80000000e+00  1.13850000e-08  4.04244459e-04 
 1.13950000e-08  1.80000000e+00  1.13950000e-08  3.99685371e-04 
 1.14050000e-08  1.80000000e+00  1.14050000e-08  3.95369900e-04 
 1.14150000e-08  1.80000000e+00  1.14150000e-08  3.90999812e-04 
 1.14250000e-08  1.80000000e+00  1.14250000e-08  3.86867491e-04 
 1.14350000e-08  1.80000000e+00  1.14350000e-08  3.82674808e-04 
 1.14450000e-08  1.80000000e+00  1.14450000e-08  3.78714471e-04 
 1.14550000e-08  1.80000000e+00  1.14550000e-08  3.74688526e-04 
 1.14650000e-08  1.80000000e+00  1.14650000e-08  3.70889890e-04 
 1.14750000e-08  1.80000000e+00  1.14750000e-08  3.67020854e-04 
 1.14850000e-08  1.80000000e+00  1.14850000e-08  3.63374436e-04 
 1.14950000e-08  1.80000000e+00  1.14950000e-08  3.59653236e-04 
 1.15050000e-08  1.80000000e+00  1.15050000e-08  3.56150274e-04 
 1.15150000e-08  1.80000000e+00  1.15150000e-08  3.52568522e-04 
 1.15250000e-08  1.80000000e+00  1.15250000e-08  3.49200910e-04 
 1.15350000e-08  1.80000000e+00  1.15350000e-08  3.45750842e-04 
 1.15450000e-08  1.80000000e+00  1.15450000e-08  3.42511067e-04 
 1.15550000e-08  1.80000000e+00  1.15550000e-08  3.39185484e-04 
 1.15650000e-08  1.80000000e+00  1.15650000e-08  3.36066578e-04 
 1.15750000e-08  1.80000000e+00  1.15750000e-08  3.32858795e-04 
 1.15850000e-08  1.80000000e+00  1.15850000e-08  3.29854281e-04 
 1.15950000e-08  1.80000000e+00  1.15950000e-08  3.26758085e-04 
 1.16050000e-08  1.80000000e+00  1.16050000e-08  3.23861939e-04 
 1.16150000e-08  1.80000000e+00  1.16150000e-08  3.20871544e-04 
 1.16250000e-08  1.80000000e+00  1.16250000e-08  3.18078155e-04 
 1.16350000e-08  1.80000000e+00  1.16350000e-08  3.15188170e-04 
 1.16450000e-08  1.80000000e+00  1.16450000e-08  3.12492302e-04 
 1.16550000e-08  1.80000000e+00  1.16550000e-08  3.09697697e-04 
 1.16650000e-08  1.80000000e+00  1.16650000e-08  3.07094464e-04 
 1.16750000e-08  1.80000000e+00  1.16750000e-08  3.04390537e-04 
 1.16850000e-08  1.80000000e+00  1.16850000e-08  3.01875371e-04 
 1.16950000e-08  1.80000000e+00  1.16950000e-08  2.99257727e-04 
 1.17050000e-08  1.80000000e+00  1.17050000e-08  2.96826351e-04 
 1.17150000e-08  1.80000000e+00  1.17150000e-08  2.94290874e-04 
 1.17250000e-08  1.80000000e+00  1.17250000e-08  2.91939282e-04 
 1.17350000e-08  1.80000000e+00  1.17350000e-08  2.89482115e-04 
 1.17450000e-08  1.80000000e+00  1.17450000e-08  2.87206552e-04 
 1.17550000e-08  1.80000000e+00  1.17550000e-08  2.84824074e-04 
 1.17650000e-08  1.80000000e+00  1.17650000e-08  2.82621012e-04 
 1.17750000e-08  1.80000000e+00  1.17750000e-08  2.80309824e-04 
 1.17850000e-08  1.80000000e+00  1.17850000e-08  2.78175951e-04 
 1.17950000e-08  1.80000000e+00  1.17950000e-08  2.75932857e-04 
 1.18050000e-08  1.80000000e+00  1.18050000e-08  2.73865056e-04 
 1.18150000e-08  1.80000000e+00  1.18150000e-08  2.71687048e-04 
 1.18250000e-08  1.80000000e+00  1.18250000e-08  2.69682386e-04 
 1.18350000e-08  1.80000000e+00  1.18350000e-08  2.67566632e-04 
 1.18450000e-08  1.80000000e+00  1.18450000e-08  2.65622345e-04 
 1.18550000e-08  1.80000000e+00  1.18550000e-08  2.63566174e-04 
 1.18650000e-08  1.80000000e+00  1.18650000e-08  2.61679655e-04 
 1.18750000e-08  1.80000000e+00  1.18750000e-08  2.59680550e-04 
 1.18850000e-08  1.80000000e+00  1.18850000e-08  2.57849338e-04 
 1.18950000e-08  1.80000000e+00  1.18950000e-08  2.55904919e-04 
 1.19050000e-08  1.80000000e+00  1.19050000e-08  2.54126692e-04 
 1.19150000e-08  1.80000000e+00  1.19150000e-08  2.52234711e-04 
 1.19250000e-08  1.80000000e+00  1.19250000e-08  2.50507271e-04 
 1.19350000e-08  1.80000000e+00  1.19350000e-08  2.48665603e-04 
 1.19450000e-08  1.80000000e+00  1.19450000e-08  2.46986872e-04 
 1.19550000e-08  1.80000000e+00  1.19550000e-08  2.45193504e-04 
 1.19650000e-08  1.80000000e+00  1.19650000e-08  2.43561516e-04 
 1.19750000e-08  1.80000000e+00  1.19750000e-08  2.41814543e-04 
 1.19850000e-08  1.80000000e+00  1.19850000e-08  2.40227432e-04 
 1.19950000e-08  1.80000000e+00  1.19950000e-08  2.38525048e-04 
 1.20050000e-08  1.80000000e+00  1.20050000e-08  2.36981048e-04 
 1.20150000e-08  1.80000000e+00  1.20150000e-08  2.35321538e-04 
 1.20250000e-08  1.80000000e+00  1.20250000e-08  2.33818973e-04 
 1.20350000e-08  1.80000000e+00  1.20350000e-08  2.32200711e-04 
 1.20450000e-08  1.80000000e+00  1.20450000e-08  2.30737988e-04 
 1.20550000e-08  1.80000000e+00  1.20550000e-08  2.29159430e-04 
 1.20650000e-08  1.80000000e+00  1.20650000e-08  2.27735037e-04 
 1.20750000e-08  1.80000000e+00  1.20750000e-08  2.26194714e-04 
 1.20850000e-08  1.80000000e+00  1.20850000e-08  2.24807215e-04 
 1.20950000e-08  1.80000000e+00  1.20950000e-08  2.23303730e-04 
 1.21050000e-08  1.80000000e+00  1.21050000e-08  2.21951756e-04 
 1.21150000e-08  1.80000000e+00  1.21150000e-08  2.20483782e-04 
 1.21250000e-08  1.80000000e+00  1.21250000e-08  2.19166033e-04 
 1.21350000e-08  1.80000000e+00  1.21350000e-08  2.17732302e-04 
 1.21450000e-08  1.80000000e+00  1.21450000e-08  2.16447538e-04 
 1.21550000e-08  1.80000000e+00  1.21550000e-08  2.15046847e-04 
 1.21650000e-08  1.80000000e+00  1.21650000e-08  2.13793887e-04 
 1.21750000e-08  1.80000000e+00  1.21750000e-08  2.12425085e-04 
 1.21850000e-08  1.80000000e+00  1.21850000e-08  2.11202804e-04 
 1.21950000e-08  1.80000000e+00  1.21950000e-08  2.09864794e-04 
 1.22050000e-08  1.80000000e+00  1.22050000e-08  2.08672117e-04 
 1.22150000e-08  1.80000000e+00  1.22150000e-08  2.07363854e-04 
 1.22250000e-08  1.80000000e+00  1.22250000e-08  2.06199757e-04 
 1.22350000e-08  1.80000000e+00  1.22350000e-08  2.04920241e-04 
 1.22450000e-08  1.80000000e+00  1.22450000e-08  2.03783745e-04 
 1.22550000e-08  1.80000000e+00  1.22550000e-08  2.02532020e-04 
 1.22650000e-08  1.80000000e+00  1.22650000e-08  2.01422190e-04 
 1.22750000e-08  1.80000000e+00  1.22750000e-08  2.00197345e-04 
 1.22850000e-08  1.80000000e+00  1.22850000e-08  1.99113287e-04 
 1.22950000e-08  1.80000000e+00  1.22950000e-08  1.97914448e-04 
 1.23050000e-08  1.80000000e+00  1.23050000e-08  1.96855306e-04 
 1.23150000e-08  1.80000000e+00  1.23150000e-08  1.95681639e-04 
 1.23250000e-08  1.80000000e+00  1.23250000e-08  1.94646596e-04 
 1.23350000e-08  1.80000000e+00  1.23350000e-08  1.93497299e-04 
 1.23450000e-08  1.80000000e+00  1.23450000e-08  1.92485573e-04 
 1.23550000e-08  1.80000000e+00  1.23550000e-08  1.91359882e-04 
 1.23650000e-08  1.80000000e+00  1.23650000e-08  1.90370721e-04 
 1.23750000e-08  1.80000000e+00  1.23750000e-08  1.89267901e-04 
 1.23850000e-08  1.80000000e+00  1.23850000e-08  1.88300587e-04 
 1.23950000e-08  1.80000000e+00  1.23950000e-08  1.87219935e-04 
 1.24050000e-08  1.80000000e+00  1.24050000e-08  1.86273780e-04 
 1.24150000e-08  1.80000000e+00  1.24150000e-08  1.85214621e-04 
 1.24250000e-08  1.80000000e+00  1.24250000e-08  1.84288964e-04 
 1.24350000e-08  1.80000000e+00  1.24350000e-08  1.83250650e-04 
 1.24450000e-08  1.80000000e+00  1.24450000e-08  1.82344857e-04 
 1.24550000e-08  1.80000000e+00  1.24550000e-08  1.81326767e-04 
 1.24650000e-08  1.80000000e+00  1.24650000e-08  1.80440230e-04 
 1.24750000e-08  1.80000000e+00  1.24750000e-08  1.79441766e-04 
 1.24850000e-08  1.80000000e+00  1.24850000e-08  1.78573902e-04 
 1.24950000e-08  1.80000000e+00  1.24950000e-08  1.77594491e-04 
 1.25050000e-08  1.80000000e+00  1.25050000e-08  1.76744738e-04 
 1.25150000e-08  1.80000000e+00  1.25150000e-08  1.75783828e-04 
 1.25250000e-08  1.80000000e+00  1.25250000e-08  1.74951648e-04 
 1.25350000e-08  1.80000000e+00  1.25350000e-08  1.74008710e-04 
 1.25450000e-08  1.80000000e+00  1.25450000e-08  1.73193583e-04 
 1.25550000e-08  1.80000000e+00  1.25550000e-08  1.72268107e-04 
 1.25650000e-08  1.80000000e+00  1.25650000e-08  1.71469537e-04 
 1.25750000e-08  1.80000000e+00  1.25750000e-08  1.70561032e-04 
 1.25850000e-08  1.80000000e+00  1.25850000e-08  1.69778538e-04 
 1.25950000e-08  1.80000000e+00  1.25950000e-08  1.68886532e-04 
 1.26050000e-08  1.80000000e+00  1.26050000e-08  1.68119653e-04 
 1.26150000e-08  1.80000000e+00  1.26150000e-08  1.67243692e-04 
 1.26250000e-08  1.80000000e+00  1.26250000e-08  1.66491984e-04 
 1.26350000e-08  1.80000000e+00  1.26350000e-08  1.65631629e-04 
 1.26450000e-08  1.80000000e+00  1.26450000e-08  1.64894665e-04 
 1.26550000e-08  1.80000000e+00  1.26550000e-08  1.64049494e-04 
 1.26650000e-08  1.80000000e+00  1.26650000e-08  1.63326862e-04 
 1.26750000e-08  1.80000000e+00  1.26750000e-08  1.62496467e-04 
 1.26850000e-08  1.80000000e+00  1.26850000e-08  1.61787770e-04 
 1.26950000e-08  1.80000000e+00  1.26950000e-08  1.60971760e-04 
 1.27050000e-08  1.80000000e+00  1.27050000e-08  1.60276615e-04 
 1.27150000e-08  1.80000000e+00  1.27150000e-08  1.59474612e-04 
 1.27250000e-08  1.80000000e+00  1.27250000e-08  1.58792650e-04 
 1.27350000e-08  1.80000000e+00  1.27350000e-08  1.58004287e-04 
 1.27450000e-08  1.80000000e+00  1.27450000e-08  1.57335153e-04 
 1.27550000e-08  1.80000000e+00  1.27550000e-08  1.56560078e-04 
 1.27650000e-08  1.80000000e+00  1.27650000e-08  1.55903427e-04 
 1.27750000e-08  1.80000000e+00  1.27750000e-08  1.55141301e-04 
 1.27850000e-08  1.80000000e+00  1.27850000e-08  1.54496802e-04 
 1.27950000e-08  1.80000000e+00  1.27950000e-08  1.53747295e-04 
 1.28050000e-08  1.80000000e+00  1.28050000e-08  1.53114629e-04 
 1.28150000e-08  1.80000000e+00  1.28150000e-08  1.52377423e-04 
 1.28250000e-08  1.80000000e+00  1.28250000e-08  1.51756280e-04 
 1.28350000e-08  1.80000000e+00  1.28350000e-08  1.51031069e-04 
 1.28450000e-08  1.80000000e+00  1.28450000e-08  1.50421151e-04 
 1.28550000e-08  1.80000000e+00  1.28550000e-08  1.49707637e-04 
 1.28650000e-08  1.80000000e+00  1.28650000e-08  1.49108656e-04 
 1.28750000e-08  1.80000000e+00  1.28750000e-08  1.48406553e-04 
 1.28850000e-08  1.80000000e+00  1.28850000e-08  1.47818228e-04 
 1.28950000e-08  1.80000000e+00  1.28950000e-08  1.47127258e-04 
 1.29050000e-08  1.80000000e+00  1.29050000e-08  1.46549322e-04 
 1.29150000e-08  1.80000000e+00  1.29150000e-08  1.45869217e-04 
 1.29250000e-08  1.80000000e+00  1.29250000e-08  1.45301407e-04 
 1.29350000e-08  1.80000000e+00  1.29350000e-08  1.44631906e-04 
 1.29450000e-08  1.80000000e+00  1.29450000e-08  1.44073972e-04 
 1.29550000e-08  1.80000000e+00  1.29550000e-08  1.43414824e-04 
 1.29650000e-08  1.80000000e+00  1.29650000e-08  1.42866521e-04 
 1.29750000e-08  1.80000000e+00  1.29750000e-08  1.42217482e-04 
 1.29850000e-08  1.80000000e+00  1.29850000e-08  1.41678573e-04 
 1.29950000e-08  1.80000000e+00  1.29950000e-08  1.41039408e-04 
 1.30050000e-08  1.80000000e+00  1.30050000e-08  1.40509665e-04 
 1.30150000e-08  1.80000000e+00  1.30150000e-08  1.39880144e-04 
 1.30250000e-08  1.80000000e+00  1.30250000e-08  1.39359345e-04 
 1.30350000e-08  1.80000000e+00  1.30350000e-08  1.38739248e-04 
 1.30450000e-08  1.80000000e+00  1.30450000e-08  1.38227179e-04 
 1.30550000e-08  1.80000000e+00  1.30550000e-08  1.37616290e-04 
 1.30650000e-08  1.80000000e+00  1.30650000e-08  1.37112743e-04 
 1.30750000e-08  1.80000000e+00  1.30750000e-08  1.36510854e-04 
 1.30850000e-08  1.80000000e+00  1.30850000e-08  1.36015628e-04 
 1.30950000e-08  1.80000000e+00  1.30950000e-08  1.35422537e-04 
 1.31050000e-08  1.80000000e+00  1.31050000e-08  1.34935437e-04 
 1.31150000e-08  1.80000000e+00  1.31150000e-08  1.34350947e-04 
 1.31250000e-08  1.80000000e+00  1.31250000e-08  1.33871784e-04 
 1.31350000e-08  1.80000000e+00  1.31350000e-08  1.33295706e-04 
 1.31450000e-08  1.80000000e+00  1.31450000e-08  1.32824296e-04 
 1.31550000e-08  1.80000000e+00  1.31550000e-08  1.32256446e-04 
 1.31650000e-08  1.80000000e+00  1.31650000e-08  1.31792610e-04 
 1.31750000e-08  1.80000000e+00  1.31750000e-08  1.31232809e-04 
 1.31850000e-08  1.80000000e+00  1.31850000e-08  1.30776376e-04 
 1.31950000e-08  1.80000000e+00  1.31950000e-08  1.30224448e-04 
 1.32050000e-08  1.80000000e+00  1.32050000e-08  1.29775250e-04 
 1.32150000e-08  1.80000000e+00  1.32150000e-08  1.29231029e-04 
 1.32250000e-08  1.80000000e+00  1.32250000e-08  1.28788902e-04 
 1.32350000e-08  1.80000000e+00  1.32350000e-08  1.28252223e-04 
 1.32450000e-08  1.80000000e+00  1.32450000e-08  1.27817011e-04 
 1.32550000e-08  1.80000000e+00  1.32550000e-08  1.27287713e-04 
 1.32650000e-08  1.80000000e+00  1.32650000e-08  1.26859262e-04 
 1.32750000e-08  1.80000000e+00  1.32750000e-08  1.26337192e-04 
 1.32850000e-08  1.80000000e+00  1.32850000e-08  1.25915353e-04 
 1.32950000e-08  1.80000000e+00  1.32950000e-08  1.25400360e-04 
 1.33050000e-08  1.80000000e+00  1.33050000e-08  1.24984989e-04 
 1.33150000e-08  1.80000000e+00  1.33150000e-08  1.24476927e-04 
 1.33250000e-08  1.80000000e+00  1.33250000e-08  1.24067882e-04 
 1.33350000e-08  1.80000000e+00  1.33350000e-08  1.23566608e-04 
 1.33450000e-08  1.80000000e+00  1.33450000e-08  1.23163754e-04 
 1.33550000e-08  1.80000000e+00  1.33550000e-08  1.22669130e-04 
 1.33650000e-08  1.80000000e+00  1.33650000e-08  1.22272334e-04 
 1.33750000e-08  1.80000000e+00  1.33750000e-08  1.21784226e-04 
 1.33850000e-08  1.80000000e+00  1.33850000e-08  1.21393358e-04 
 1.33950000e-08  1.80000000e+00  1.33950000e-08  1.20911634e-04 
 1.34050000e-08  1.80000000e+00  1.34050000e-08  1.20526569e-04 
 1.34150000e-08  1.80000000e+00  1.34150000e-08  1.20051103e-04 
 1.34250000e-08  1.80000000e+00  1.34250000e-08  1.19671719e-04 
 1.34350000e-08  1.80000000e+00  1.34350000e-08  1.19202386e-04 
 1.34450000e-08  1.80000000e+00  1.34450000e-08  1.18828565e-04 
 1.34550000e-08  1.80000000e+00  1.34550000e-08  1.18365244e-04 
 1.34650000e-08  1.80000000e+00  1.34650000e-08  1.17996870e-04 
 1.34750000e-08  1.80000000e+00  1.34750000e-08  1.17539443e-04 
 1.34850000e-08  1.80000000e+00  1.34850000e-08  1.17176404e-04 
 1.34950000e-08  1.80000000e+00  1.34950000e-08  1.16724758e-04 
 1.35050000e-08  1.80000000e+00  1.35050000e-08  1.16366945e-04 
 1.35150000e-08  1.80000000e+00  1.35150000e-08  1.15920967e-04 
 1.35250000e-08  1.80000000e+00  1.35250000e-08  1.15568273e-04 
 1.35350000e-08  1.80000000e+00  1.35350000e-08  1.15127855e-04 
 1.35450000e-08  1.80000000e+00  1.35450000e-08  1.14780176e-04 
 1.35550000e-08  1.80000000e+00  1.35550000e-08  1.14345213e-04 
 1.35650000e-08  1.80000000e+00  1.35650000e-08  1.14002449e-04 
 1.35750000e-08  1.80000000e+00  1.35750000e-08  1.13572837e-04 
 1.35850000e-08  1.80000000e+00  1.35850000e-08  1.13234889e-04 
 1.35950000e-08  1.80000000e+00  1.35950000e-08  1.12810527e-04 
 1.36050000e-08  1.80000000e+00  1.36050000e-08  1.12477300e-04 
 1.36150000e-08  1.80000000e+00  1.36150000e-08  1.12058091e-04 
 1.36250000e-08  1.80000000e+00  1.36250000e-08  1.11729491e-04 
 1.36350000e-08  1.80000000e+00  1.36350000e-08  1.11315339e-04 
 1.36450000e-08  1.80000000e+00  1.36450000e-08  1.10991276e-04 
 1.36550000e-08  1.80000000e+00  1.36550000e-08  1.10582088e-04 
 1.36650000e-08  1.80000000e+00  1.36650000e-08  1.10262473e-04 
 1.36750000e-08  1.80000000e+00  1.36750000e-08  1.09858158e-04 
 1.36850000e-08  1.80000000e+00  1.36850000e-08  1.09542904e-04 
 1.36950000e-08  1.80000000e+00  1.36950000e-08  1.09143373e-04 
 1.37050000e-08  1.80000000e+00  1.37050000e-08  1.08832398e-04 
 1.37150000e-08  1.80000000e+00  1.37150000e-08  1.08437565e-04 
 1.37250000e-08  1.80000000e+00  1.37250000e-08  1.08130785e-04 
 1.37350000e-08  1.80000000e+00  1.37350000e-08  1.07740565e-04 
 1.37450000e-08  1.80000000e+00  1.37450000e-08  1.07437901e-04 
 1.37550000e-08  1.80000000e+00  1.37550000e-08  1.07052212e-04 
 1.37650000e-08  1.80000000e+00  1.37650000e-08  1.06753586e-04 
 1.37750000e-08  1.80000000e+00  1.37750000e-08  1.06372348e-04 
 1.37850000e-08  1.80000000e+00  1.37850000e-08  1.06077683e-04 
 1.37950000e-08  1.80000000e+00  1.37950000e-08  1.05700817e-04 
 1.38050000e-08  1.80000000e+00  1.38050000e-08  1.05410040e-04 
 1.38150000e-08  1.80000000e+00  1.38150000e-08  1.05037469e-04 
 1.38250000e-08  1.80000000e+00  1.38250000e-08  1.04750507e-04 
 1.38350000e-08  1.80000000e+00  1.38350000e-08  1.04382157e-04 
 1.38450000e-08  1.80000000e+00  1.38450000e-08  1.04098939e-04 
 1.38550000e-08  1.80000000e+00  1.38550000e-08  1.03734737e-04 
 1.38650000e-08  1.80000000e+00  1.38650000e-08  1.03455195e-04 
 1.38750000e-08  1.80000000e+00  1.38750000e-08  1.03095068e-04 
 1.38850000e-08  1.80000000e+00  1.38850000e-08  1.02819135e-04 
 1.38950000e-08  1.80000000e+00  1.38950000e-08  1.02463015e-04 
 1.39050000e-08  1.80000000e+00  1.39050000e-08  1.02190623e-04 
 1.39150000e-08  1.80000000e+00  1.39150000e-08  1.01838442e-04 
 1.39250000e-08  1.80000000e+00  1.39250000e-08  1.01569529e-04 
 1.39350000e-08  1.80000000e+00  1.39350000e-08  1.01221218e-04 
 1.39450000e-08  1.80000000e+00  1.39450000e-08  1.00955721e-04 
 1.39550000e-08  1.80000000e+00  1.39550000e-08  1.00611218e-04 
 1.39650000e-08  1.80000000e+00  1.39650000e-08  1.00349075e-04 
 1.39750000e-08  1.80000000e+00  1.39750000e-08  1.00008314e-04 
 1.39850000e-08  1.80000000e+00  1.39850000e-08  9.97494662e-05 
 1.39950000e-08  1.80000000e+00  1.39950000e-08  9.94123864e-05 
 1.40050000e-08  1.80000000e+00  1.40050000e-08  9.91567747e-05 
 1.40150000e-08  1.80000000e+00  1.40150000e-08  9.88233148e-05 
 1.40250000e-08  1.80000000e+00  1.40250000e-08  9.85708825e-05 
 1.40350000e-08  1.80000000e+00  1.40350000e-08  9.82409831e-05 
 1.40450000e-08  1.80000000e+00  1.40450000e-08  9.79916743e-05 
 1.40550000e-08  1.80000000e+00  1.40550000e-08  9.76652773e-05 
 1.40650000e-08  1.80000000e+00  1.40650000e-08  9.74190377e-05 
 1.40750000e-08  1.80000000e+00  1.40750000e-08  9.70960861e-05 
 1.40850000e-08  1.80000000e+00  1.40850000e-08  9.68528623e-05 
 1.40950000e-08  1.80000000e+00  1.40950000e-08  9.65333006e-05 
 1.41050000e-08  1.80000000e+00  1.41050000e-08  9.62930406e-05 
 1.41150000e-08  1.80000000e+00  1.41150000e-08  9.59768143e-05 
 1.41250000e-08  1.80000000e+00  1.41250000e-08  9.57394673e-05 
 1.41350000e-08  1.80000000e+00  1.41350000e-08  9.54265232e-05 
 1.41450000e-08  1.80000000e+00  1.41450000e-08  9.51920394e-05 
 1.41550000e-08  1.80000000e+00  1.41550000e-08  9.48823253e-05 
 1.41650000e-08  1.80000000e+00  1.41650000e-08  9.46506560e-05 
 1.41750000e-08  1.80000000e+00  1.41750000e-08  9.43441209e-05 
 1.41850000e-08  1.80000000e+00  1.41850000e-08  9.41152186e-05 
 1.41950000e-08  1.80000000e+00  1.41950000e-08  9.38118127e-05 
 1.42050000e-08  1.80000000e+00  1.42050000e-08  9.35856308e-05 
 1.42150000e-08  1.80000000e+00  1.42150000e-08  9.32853051e-05 
 1.42250000e-08  1.80000000e+00  1.42250000e-08  9.30617981e-05 
 1.42350000e-08  1.80000000e+00  1.42350000e-08  9.27645048e-05 
 1.42450000e-08  1.80000000e+00  1.42450000e-08  9.25436283e-05 
 1.42550000e-08  1.80000000e+00  1.42550000e-08  9.22493205e-05 
 1.42650000e-08  1.80000000e+00  1.42650000e-08  9.20310307e-05 
 1.42750000e-08  1.80000000e+00  1.42750000e-08  9.17396627e-05 
 1.42850000e-08  1.80000000e+00  1.42850000e-08  9.15239171e-05 
 1.42950000e-08  1.80000000e+00  1.42950000e-08  9.12354438e-05 
 1.43050000e-08  1.80000000e+00  1.43050000e-08  9.10222006e-05 
 1.43150000e-08  1.80000000e+00  1.43150000e-08  9.07365780e-05 
 1.43250000e-08  1.80000000e+00  1.43250000e-08  9.05257964e-05 
 1.43350000e-08  1.80000000e+00  1.43350000e-08  9.02429815e-05 
 1.43450000e-08  1.80000000e+00  1.43450000e-08  9.00346214e-05 
 1.43550000e-08  1.80000000e+00  1.43550000e-08  8.97545719e-05 
 1.43650000e-08  1.80000000e+00  1.43650000e-08  8.95485944e-05 
 1.43750000e-08  1.80000000e+00  1.43750000e-08  8.92712689e-05 
 1.43850000e-08  1.80000000e+00  1.43850000e-08  8.90676354e-05 
 1.43950000e-08  1.80000000e+00  1.43950000e-08  8.87929935e-05 
 1.44050000e-08  1.80000000e+00  1.44050000e-08  8.85916666e-05 
 1.44150000e-08  1.80000000e+00  1.44150000e-08  8.83196684e-05 
 1.44250000e-08  1.80000000e+00  1.44250000e-08  8.81206114e-05 
 1.44350000e-08  1.80000000e+00  1.44350000e-08  8.78512180e-05 
 1.44450000e-08  1.80000000e+00  1.44450000e-08  8.76543949e-05 
 1.44550000e-08  1.80000000e+00  1.44550000e-08  8.73875681e-05 
 1.44650000e-08  1.80000000e+00  1.44650000e-08  8.71929436e-05 
 1.44750000e-08  1.80000000e+00  1.44750000e-08  8.69286461e-05 
 1.44850000e-08  1.80000000e+00  1.44850000e-08  8.67361856e-05 
 1.44950000e-08  1.80000000e+00  1.44950000e-08  8.64743806e-05 
 1.45050000e-08  1.80000000e+00  1.45050000e-08  8.62840504e-05 
 1.45150000e-08  1.80000000e+00  1.45150000e-08  8.60247020e-05 
 1.45250000e-08  1.80000000e+00  1.45250000e-08  8.58364688e-05 
 1.45350000e-08  1.80000000e+00  1.45350000e-08  8.55795417e-05 
 1.45450000e-08  1.80000000e+00  1.45450000e-08  8.53933731e-05 
 1.45550000e-08  1.80000000e+00  1.45550000e-08  8.51388328e-05 
 1.45650000e-08  1.80000000e+00  1.45650000e-08  8.49546969e-05 
 1.45750000e-08  1.80000000e+00  1.45750000e-08  8.47025094e-05 
 1.45850000e-08  1.80000000e+00  1.45850000e-08  8.45203751e-05 
 1.45950000e-08  1.80000000e+00  1.45950000e-08  8.42705070e-05 
 1.46050000e-08  1.80000000e+00  1.46050000e-08  8.40903437e-05 
 1.46150000e-08  1.80000000e+00  1.46150000e-08  8.38427626e-05 
 1.46250000e-08  1.80000000e+00  1.46250000e-08  8.36645403e-05 
 1.46350000e-08  1.80000000e+00  1.46350000e-08  8.34192139e-05 
 1.46450000e-08  1.80000000e+00  1.46450000e-08  8.32429032e-05 
 1.46550000e-08  1.80000000e+00  1.46550000e-08  8.29998003e-05 
 1.46650000e-08  1.80000000e+00  1.46650000e-08  8.28253725e-05 
 1.46750000e-08  1.80000000e+00  1.46750000e-08  8.25844622e-05 
 1.46850000e-08  1.80000000e+00  1.46850000e-08  8.24118888e-05 
 1.46950000e-08  1.80000000e+00  1.46950000e-08  8.21731409e-05 
 1.47050000e-08  1.80000000e+00  1.47050000e-08  8.20023943e-05 
 1.47150000e-08  1.80000000e+00  1.47150000e-08  8.17657790e-05 
 1.47250000e-08  1.80000000e+00  1.47250000e-08  8.15968322e-05 
 1.47350000e-08  1.80000000e+00  1.47350000e-08  8.13623204e-05 
 1.47450000e-08  1.80000000e+00  1.47450000e-08  8.11951466e-05 
 1.47550000e-08  1.80000000e+00  1.47550000e-08  8.09627097e-05 
 1.47650000e-08  1.80000000e+00  1.47650000e-08  8.07972827e-05 
 1.47750000e-08  1.80000000e+00  1.47750000e-08  8.05668926e-05 
 1.47850000e-08  1.80000000e+00  1.47850000e-08  8.04031869e-05 
 1.47950000e-08  1.80000000e+00  1.47950000e-08  8.01748161e-05 
 1.48050000e-08  1.80000000e+00  1.48050000e-08  8.00128064e-05 
 1.48150000e-08  1.80000000e+00  1.48150000e-08  7.97864278e-05 
 1.48250000e-08  1.80000000e+00  1.48250000e-08  7.96260895e-05 
 1.48350000e-08  1.80000000e+00  1.48350000e-08  7.94016765e-05 
 1.48450000e-08  1.80000000e+00  1.48450000e-08  7.92429853e-05 
 1.48550000e-08  1.80000000e+00  1.48550000e-08  7.90205118e-05 
 1.48650000e-08  1.80000000e+00  1.48650000e-08  7.88634440e-05 
 1.48750000e-08  1.80000000e+00  1.48750000e-08  7.86428844e-05 
 1.48850000e-08  1.80000000e+00  1.48850000e-08  7.84874167e-05 
 1.48950000e-08  1.80000000e+00  1.48950000e-08  7.82687457e-05 
 1.49050000e-08  1.80000000e+00  1.49050000e-08  7.81148552e-05 
 1.49150000e-08  1.80000000e+00  1.49150000e-08  7.78980482e-05 
 1.49250000e-08  1.80000000e+00  1.49250000e-08  7.77457123e-05 
 1.49350000e-08  1.80000000e+00  1.49350000e-08  7.75307450e-05 
 1.49450000e-08  1.80000000e+00  1.49450000e-08  7.73799418e-05 
 1.49550000e-08  1.80000000e+00  1.49550000e-08  7.71667903e-05 
 1.49650000e-08  1.80000000e+00  1.49650000e-08  7.70174980e-05 
 1.49750000e-08  1.80000000e+00  1.49750000e-08  7.68061389e-05 
 1.49850000e-08  1.80000000e+00  1.49850000e-08  7.66583362e-05 
 1.49950000e-08  1.80000000e+00  1.49950000e-08  7.64487465e-05 
 1.50000000e-08  1.80000000e+00  1.50000000e-08  7.63910384e-05 
